Intersection_circle : [2.41599, 1.15066, 59.9548]Normals (RGB)[-0.211098, -0.953251, -0.21622][-0.635529, 0.236765, -0.734877][0.822936, -0.129286, -0.553228]Time: 1497382687
Intersection_circle : [2.4753, 1.11649, 60.1293]Normals (RGB)[-0.191759, -0.959054, -0.208431][-0.634941, 0.17076, -0.753453][0.821972, -0.120448, -0.556646]Time: 1497382689
Intersection_circle : [2.5255, 1.19613, 60.0013]Normals (RGB)[-0.193317, -0.955109, -0.224491][-0.623254, 0.228482, -0.747897][0.839271, -0.0582476, -0.540584]Time: 1497382690
Intersection_circle : [2.51747, 1.03177, 60.0569]Normals (RGB)[-0.201309, -0.962588, -0.18138][-0.600193, 0.230119, -0.766038][0.837131, -0.0985398, -0.538053]Time: 1497382692
Intersection_circle : [2.27023, 1.05079, 60.0092]Normals (RGB)[-0.182027, -0.969264, -0.165511][-0.654072, 0.222031, -0.723113][0.801885, -0.141622, -0.580451]Time: 1497382693
Intersection_circle : [2.30015, 1.11061, 60.2173]Normals (RGB)[-0.21179, -0.953671, -0.213674][-0.609229, 0.223996, -0.760701][0.76726, -0.151986, -0.623067]Time: 1497382695
Intersection_circle : [2.30086, 1.14101, 60.211]Normals (RGB)[-0.190618, -0.961013, -0.200299][-0.633255, 0.210362, -0.744806][0.771327, -0.132145, -0.622569]Time: 1497382696
Intersection_circle : [2.3408, 0.850396, 60.1864]Normals (RGB)[-0.195608, -0.97322, -0.120751][-0.6181, 0.190659, -0.762628][0.791319, -0.13439, -0.596451]Time: 1497382698
Intersection_circle : [2.43707, 1.11043, 60.1452]Normals (RGB)[-0.193781, -0.957198, -0.214991][-0.610922, 0.205676, -0.764508][0.812573, -0.123547, -0.569616]Time: 1497382699
Intersection_circle : [2.81491, 0.916082, 59.6939]Normals (RGB)[-0.189785, -0.971362, -0.142957][-0.636333, 0.186348, -0.748569][0.762418, -0.597695, -0.24795]Time: 1497382701
Intersection_circle : [2.50372, 1.03137, 60.0277]Normals (RGB)[-0.250027, -0.952851, -0.171934][-0.614585, 0.197221, -0.763799][0.857478, -0.119705, -0.500401]Time: 1497382703
Intersection_circle : [2.43618, 1.27221, 60.1543]Normals (RGB)[-0.13411, -0.96425, -0.228552][-0.617495, 0.20595, -0.759134][0.806096, -0.112492, -0.580994]Time: 1497382704
Intersection_circle : [2.77803, 1.20119, 59.5685]Normals (RGB)[-0.228018, -0.948367, -0.22047][-0.652745, 0.238278, -0.71913][0.730282, -0.623151, -0.279949]Time: 1497382706
Intersection_circle : [2.2524, 1.14751, 60.0534]Normals (RGB)[-0.170537, -0.964989, -0.199279][-0.651036, 0.233255, -0.722318][0.789542, -0.131961, -0.599341]Time: 1497382707
Intersection_circle : [2.57236, 1.21456, 60.083]Normals (RGB)[-0.168699, -0.952811, -0.252373][-0.609011, 0.208191, -0.765351][0.830175, -0.0933806, -0.549627]Time: 1497382709
Intersection_circle : [2.46979, 1.0183, 60.1521]Normals (RGB)[-0.189773, -0.965244, -0.179698][-0.605705, 0.200436, -0.77003][0.812742, -0.0963986, -0.574593]Time: 1497382710
Intersection_circle : [2.2671, 1.00689, 60.2669]Normals (RGB)[-0.197857, -0.96491, -0.172629][-0.619827, 0.212034, -0.75555][0.750682, -0.150537, -0.643284]Time: 1497382712
Intersection_circle : [2.4205, 1.28923, 60.2159]Normals (RGB)[-0.158334, -0.959792, -0.231798][-0.617663, 0.202849, -0.759832][0.787077, -0.117886, -0.605485]Time: 1497382713
Intersection_circle : [3.40337, 0.582755, 61.509]Normals (RGB)[-0.236777, -0.952269, -0.192668][-0.466534, -0.88446, -0.00870276][0.8263, -0.123336, -0.549561]Time: 1497382715
Intersection_circle : [2.37434, 1.11851, 60.0784]Normals (RGB)[-0.185824, -0.962448, -0.197895][-0.622833, 0.225132, -0.749263][0.797659, -0.101408, -0.594522]Time: 1497382716
Intersection_circle : [2.4872, 1.16323, 60.1371]Normals (RGB)[-0.204905, -0.952966, -0.223314][-0.621302, 0.184486, -0.761543][0.820799, -0.134435, -0.555173]Time: 1497382718
Intersection_circle : [2.41911, 1.06036, 60.1547]Normals (RGB)[-0.157927, -0.972281, -0.172421][-0.605515, 0.210036, -0.767617][0.791832, -0.154071, -0.590986]Time: 1497382719
Intersection_circle : [2.28446, 1.1235, 60.1062]Normals (RGB)[-0.217295, -0.956616, -0.194084][-0.630193, 0.224936, -0.743142][0.772372, -0.0926575, -0.628376]Time: 1497382721
Intersection_circle : [2.57083, 1.08047, 60.1514]Normals (RGB)[-0.153099, -0.96967, -0.19053][-0.610844, 0.171655, -0.772919][0.832371, -0.108129, -0.543569]Time: 1497382722
Intersection_circle : [2.3642, 1.09339, 60.1227]Normals (RGB)[-0.164711, -0.969183, -0.18318][-0.622531, 0.234475, -0.746643][0.791057, -0.108494, -0.602045]Time: 1497382724
Intersection_circle : [3.03083, 0.714583, 61.1369]Normals (RGB)[-0.181218, -0.971238, -0.154456][-0.502395, -0.86149, -0.0737163][0.808688, -0.148742, -0.569122]Time: 1497382725
Intersection_circle : [2.39337, 1.02364, 59.9192]Normals (RGB)[-0.198362, -0.966617, -0.162186][-0.632692, 0.260053, -0.729434][0.82727, -0.115731, -0.549755]Time: 1497382727
Intersection_circle : [2.37393, 1.09483, 60.1002]Normals (RGB)[-0.153048, -0.970928, -0.184054][-0.652679, 0.216485, -0.726047][0.799762, -0.109563, -0.590235]Time: 1497382729
Intersection_circle : [2.31034, 1.0203, 60.2446]Normals (RGB)[-0.183526, -0.968667, -0.16734][-0.610466, 0.189612, -0.769012][0.77367, -0.150412, -0.615476]Time: 1497382730
Intersection_circle : [2.62204, 1.10979, 60.0651]Normals (RGB)[-0.197716, -0.957988, -0.20777][-0.625404, 0.195249, -0.755479][0.85157, -0.0836671, -0.517521]Time: 1497382732
Intersection_circle : [2.45059, 1.18273, 60.1518]Normals (RGB)[-0.173408, -0.956421, -0.234922][-0.617818, 0.202795, -0.759721][0.81113, -0.134015, -0.569305]Time: 1497382733
Intersection_circle : [2.33057, 1.09327, 60.0027]Normals (RGB)[-0.176773, -0.969014, -0.172519][-0.637163, 0.237682, -0.733164][0.805185, -0.125634, -0.579562]Time: 1497382735
Intersection_circle : [2.42666, 1.08221, 60.1481]Normals (RGB)[-0.194705, -0.962169, -0.190581][-0.610853, 0.218554, -0.760982][0.811368, -0.134458, -0.568862]Time: 1497382736
Intersection_circle : [2.396, 0.931645, 60.1992]Normals (RGB)[-0.193602, -0.970287, -0.145125][-0.569674, 0.222149, -0.791279][0.797018, -0.12368, -0.591156]Time: 1497382738
Intersection_circle : [3.30739, 1.18419, 59.1015]Normals (RGB)[-0.163843, -0.967434, -0.192945][-0.655829, 0.22813, -0.719615][0.478183, 0.558198, -0.678053]Time: 1497382739
Intersection_circle : [2.33472, 1.17811, 59.6577]Normals (RGB)[-0.207582, -0.960875, -0.183379][-0.486072, -0.873293, -0.033068][0.844349, -0.0785557, -0.530004]Time: 1497382741
Intersection_circle : [2.33865, 1.15735, 60.0712]Normals (RGB)[-0.198905, -0.956648, -0.212748][-0.576354, 0.264456, -0.773227][0.78891, -0.0817169, -0.609051]Time: 1497382742
Intersection_circle : [2.29895, 1.26111, 60.0765]Normals (RGB)[-0.149618, -0.964062, -0.219543][-0.667656, 0.219493, -0.711377][0.794525, -0.126239, -0.593964]Time: 1497382744
Intersection_circle : [2.41711, 1.11154, 60.01]Normals (RGB)[-0.183212, -0.965877, -0.183072][-0.496119, -0.865743, -0.0659874][0.823662, -0.138586, -0.549886]Time: 1497382745
Intersection_circle : [2.44393, 1.08661, 60.1365]Normals (RGB)[-0.199085, -0.962624, -0.18363][-0.606605, 0.215737, -0.765172][0.819827, -0.134894, -0.556495]Time: 1497382747
Intersection_circle : [2.40247, 1.04404, 60.1121]Normals (RGB)[-0.16188, -0.972174, -0.169331][-0.650409, 0.203538, -0.731807][0.810911, -0.0962283, -0.577203]Time: 1497382748
Intersection_circle : [2.53504, 1.29411, 60.1404]Normals (RGB)[-0.154725, -0.95266, -0.261723][-0.611323, 0.213015, -0.762174][0.831325, -0.0877552, -0.548814]Time: 1497382750
Intersection_circle : [2.37791, 1.11019, 60.0124]Normals (RGB)[-0.203497, -0.95972, -0.193718][-0.635128, 0.2415, -0.733683][0.808344, -0.0614312, -0.585496]Time: 1497382751
Intersection_circle : [2.32389, 1.03801, 59.9592]Normals (RGB)[-0.17391, -0.972227, -0.156617][-0.626329, 0.259548, -0.735082][0.809932, -0.0959388, -0.578624]Time: 1497382753
Intersection_circle : [2.33861, 1.14749, 60.0132]Normals (RGB)[-0.23047, -0.953009, -0.196615][-0.649626, 0.222182, -0.727064][0.806693, -0.121314, -0.578385]Time: 1497382755
Intersection_circle : [2.45076, 0.921481, 60.1378]Normals (RGB)[-0.222107, -0.963686, -0.14825][-0.619536, 0.175979, -0.764988][0.819987, -0.117737, -0.560142]Time: 1497382756
Intersection_circle : [2.55733, 1.16322, 60.0562]Normals (RGB)[-0.188281, -0.959085, -0.211437][-0.593871, 0.234352, -0.769673][0.836982, -0.0541051, -0.544549]Time: 1497382758
Intersection_circle : [2.44456, 1.24632, 60.0981]Normals (RGB)[-0.160763, -0.959058, -0.23316][-0.626558, 0.218502, -0.748119][0.819471, -0.134411, -0.557136]Time: 1497382759
Intersection_circle : [2.27302, 1.2008, 60.2616]Normals (RGB)[-0.189605, -0.95432, -0.230919][-0.603996, 0.235852, -0.76129][0.770608, -0.173651, -0.613195]Time: 1497382761
Intersection_circle : [2.43725, 1.08157, 60.0548]Normals (RGB)[-0.191499, -0.964934, -0.179527][-0.626914, 0.231495, -0.743901][0.822612, -0.096458, -0.560361]Time: 1497382762
Intersection_circle : [2.41725, 1.10454, 60.0022]Normals (RGB)[-0.170069, -0.969077, -0.178794][-0.627953, 0.238697, -0.740742][0.816142, -0.0710961, -0.573461]Time: 1497382764
Intersection_circle : [2.37725, 1.143, 59.9803]Normals (RGB)[-0.208312, -0.96013, -0.186433][-0.646872, 0.222168, -0.729519][0.831512, -0.129652, -0.540165]Time: 1497382765
Intersection_circle : [2.43187, 1.07452, 60.1637]Normals (RGB)[-0.171562, -0.968842, -0.178638][-0.613107, 0.192868, -0.766095][0.821798, -0.163196, -0.545907]Time: 1497382767
Intersection_circle : [2.44341, 1.21032, 59.9832]Normals (RGB)[-0.174503, -0.961405, -0.21272][-0.651496, 0.220751, -0.725825][0.82557, -0.0747271, -0.55933]Time: 1497382768
Intersection_circle : [2.37676, 1.02967, 60.0585]Normals (RGB)[-0.180213, -0.970728, -0.158778][-0.64013, 0.222958, -0.735203][0.811793, -0.120148, -0.571452]Time: 1497382770
Intersection_circle : [2.42842, 0.860042, 60.1843]Normals (RGB)[-0.212866, -0.968219, -0.131299][-0.621173, 0.174087, -0.764093][0.819127, -0.132801, -0.558027]Time: 1497382771
Intersection_circle : [2.34165, 0.956031, 60.1495]Normals (RGB)[-0.220933, -0.963373, -0.151989][-0.605464, 0.226829, -0.762864][0.802864, -0.135074, -0.580658]Time: 1497382773
Intersection_circle : [2.38567, 1.11881, 59.9311]Normals (RGB)[-0.157558, -0.970738, -0.181227][-0.644159, 0.251856, -0.722238][0.82166, -0.0887549, -0.563026]Time: 1497382774
Intersection_circle : [2.45779, 1.12058, 60.117]Normals (RGB)[-0.174454, -0.96601, -0.190762][-0.643863, 0.189742, -0.741241][0.808511, -0.0906906, -0.581452]Time: 1497382776
Intersection_circle : [2.34921, 1.09946, 60.2671]Normals (RGB)[-0.190723, -0.962414, -0.193349][-0.624855, 0.170765, -0.761837][0.775469, -0.179736, -0.605263]Time: 1497382777
Intersection_circle : [2.52248, 1.26434, 60.1932]Normals (RGB)[-0.16225, -0.954608, -0.249798][-0.601923, 0.20302, -0.772316][0.804611, -0.0713949, -0.589495]Time: 1497382779
Intersection_circle : [2.41911, 1.2191, 60.0638]Normals (RGB)[-0.219247, -0.946966, -0.234918][-0.658383, 0.208911, -0.72311][0.803822, -0.10152, -0.586144]Time: 1497382780
Intersection_circle : [2.43458, 1.01609, 60.0331]Normals (RGB)[-0.20571, -0.964694, -0.164467][-0.617607, 0.202038, -0.760094][0.819523, -0.115512, -0.561284]Time: 1497382782
Intersection_circle : [2.58026, 1.01603, 60.4772]Normals (RGB)[-0.169319, -0.96763, -0.187143][-0.488733, -0.872038, -0.0262421][0.773477, -0.0745652, -0.629422]Time: 1497382784
Intersection_circle : [2.60307, 1.13226, 59.9822]Normals (RGB)[-0.198912, -0.958843, -0.202621][-0.611139, 0.204712, -0.764593][0.87864, -0.0888661, -0.469142]Time: 1497382785
Intersection_circle : [2.4916, 1.06785, 60.0974]Normals (RGB)[-0.150511, -0.971714, -0.181984][-0.625978, 0.210112, -0.751002][0.82309, -0.135932, -0.551404]Time: 1497382787
Intersection_circle : [2.72196, 0.830505, 60.7283]Normals (RGB)[-0.168472, -0.973971, -0.15165][0.50565, 0.862708, -0.00728368][0.784073, -0.164345, -0.598515]Time: 1497382788
Intersection_circle : [2.34316, 1.02274, 60.1364]Normals (RGB)[-0.15772, -0.974119, -0.161912][-0.608952, 0.234416, -0.757778][0.790373, -0.110107, -0.60265]Time: 1497382790
Intersection_circle : [2.42802, 1.26246, 60.1313]Normals (RGB)[-0.15106, -0.962586, -0.224967][-0.626842, 0.21464, -0.748998][0.788155, -0.100189, -0.607267]Time: 1497382791
Intersection_circle : [2.45468, 0.915682, 60.122]Normals (RGB)[-0.203038, -0.969286, -0.138781][-0.614497, 0.194456, -0.764579][0.795882, -0.103826, -0.596483]Time: 1497382793
Intersection_circle : [2.42387, 1.12373, 60.1693]Normals (RGB)[-0.231129, -0.947935, -0.219086][-0.622688, 0.209019, -0.754037][0.795237, -0.156479, -0.585759]Time: 1497382794
Intersection_circle : [2.3471, 1.14197, 60.0497]Normals (RGB)[-0.145894, -0.969872, -0.1951][-0.643558, 0.231344, -0.729597][0.800466, -0.122129, -0.586804]Time: 1497382796
Intersection_circle : [0.369271, 2.69238, 56.1611]Normals (RGB)[-0.172647, -0.953272, -0.247923][-0.546389, -0.833556, -0.0815034][0.839865, -0.138468, -0.524837]Time: 1497382797
Intersection_circle : [2.52361, 1.08932, 60.0986]Normals (RGB)[-0.150324, -0.970728, -0.187323][-0.624423, 0.182278, -0.75952][0.825081, -0.119145, -0.55231]Time: 1497382799
Intersection_circle : [2.58402, 0.983112, 60.115]Normals (RGB)[-0.211168, -0.962451, -0.170579][-0.584599, 0.23099, -0.777746][0.828263, -0.0951703, -0.552198]Time: 1497382800
Intersection_circle : [2.58771, 1.32126, 60.1293]Normals (RGB)[-0.142052, -0.960846, -0.237899][-0.62666, 0.174745, -0.759448][0.836428, -0.126014, -0.533393]Time: 1497382802
Intersection_circle : [2.43621, 0.975557, 60.2053]Normals (RGB)[-0.26137, -0.952783, -0.154568][-0.60321, 0.201043, -0.771829][0.806106, -0.131534, -0.576968]Time: 1497382803
Intersection_circle : [2.37088, 1.13314, 60.054]Normals (RGB)[-0.14833, -0.970558, -0.189777][-0.656954, 0.236534, -0.715865][0.800411, -0.0889149, -0.592821]Time: 1497382805
Intersection_circle : [0.549996, 2.19836, 57.2162]Normals (RGB)[-0.210588, -0.955137, -0.208243][-0.385347, -0.922001, -0.0376951][0.811649, -0.11968, -0.571754]Time: 1497382807
Intersection_circle : [2.35208, 1.01716, 59.9762]Normals (RGB)[-0.242589, -0.959919, -0.140379][-0.626759, 0.260618, -0.734337][0.808672, -0.093758, -0.580739]Time: 1497382808
Intersection_circle : [2.50919, 1.19541, 60.1611]Normals (RGB)[-0.16205, -0.957875, -0.237098][-0.602246, 0.212186, -0.769596][0.807955, -0.115686, -0.577776]Time: 1497382810
Intersection_circle : [2.37672, 1.06367, 60.2883]Normals (RGB)[-0.171247, -0.968076, -0.183041][-0.608231, 0.180982, -0.772852][0.768231, -0.123449, -0.628157]Time: 1497382811
Intersection_circle : [2.61242, 1.1262, 60.1413]Normals (RGB)[-0.186403, -0.95958, -0.210857][-0.625372, 0.163053, -0.763101][0.851144, -0.109542, -0.513375]Time: 1497382813
Intersection_circle : [2.53775, 1.31945, 60.0909]Normals (RGB)[-0.178072, -0.955853, -0.233742][-0.637772, 0.197015, -0.744601][0.825625, -0.14427, -0.545463]Time: 1497382814
Intersection_circle : [2.50574, 1.13287, 59.855]Normals (RGB)[-0.161477, -0.969715, -0.183242][-0.622982, 0.270352, -0.734032][0.84679, -0.0935142, -0.523644]Time: 1497382816
Intersection_circle : [2.5478, 1.09104, 59.898]Normals (RGB)[-0.160197, -0.970273, -0.181401][-0.645084, 0.213141, -0.733783][0.849031, -0.0949358, -0.519743]Time: 1497382817
Intersection_circle : [2.2985, 1.21488, 60.0745]Normals (RGB)[-0.20857, -0.95188, -0.224553][-0.63887, 0.234474, -0.732712][0.784182, -0.164163, -0.598423]Time: 1497382819
Intersection_circle : [2.54702, 1.11264, 60.0883]Normals (RGB)[-0.183405, -0.962642, -0.199206][-0.614873, 0.224465, -0.756007][0.836289, -0.130963, -0.532418]Time: 1497382820
Intersection_circle : [2.38416, 1.21993, 60.0269]Normals (RGB)[-0.197523, -0.95695, -0.212678][-0.655443, 0.213715, -0.724376][0.809766, -0.120284, -0.574292]Time: 1497382822
Intersection_circle : [2.52851, 1.13606, 59.9395]Normals (RGB)[-0.224804, -0.953723, -0.199689][-0.624424, 0.23983, -0.743355][0.839131, -0.108066, -0.533086]Time: 1497382823
Intersection_circle : [2.48698, 1.04399, 60.1248]Normals (RGB)[-0.210506, -0.959652, -0.186427][-0.609995, 0.21325, -0.763171][0.817753, -0.10865, -0.565222]Time: 1497382825
Intersection_circle : [2.47817, 1.10661, 60.1613]Normals (RGB)[-0.202143, -0.956608, -0.209853][-0.605164, 0.21465, -0.766617][0.807532, -0.102745, -0.580805]Time: 1497382826
Intersection_circle : [2.38531, 1.14235, 60.1084]Normals (RGB)[-0.167492, -0.965735, -0.198248][-0.635546, 0.198856, -0.746014][0.795096, -0.124522, -0.593563]Time: 1497382828
Intersection_circle : [2.56119, 1.18355, 60.1086]Normals (RGB)[-0.205471, -0.955696, -0.210775][-0.612817, 0.202034, -0.763962][0.832891, -0.0830836, -0.547165]Time: 1497382829
Intersection_circle : [2.32046, 1.05361, 60.0341]Normals (RGB)[-0.176192, -0.969929, -0.167912][-0.618278, 0.261112, -0.741318][0.804699, -0.122571, -0.580892]Time: 1497382831
Intersection_circle : [2.49264, 1.11591, 60.1362]Normals (RGB)[-0.216325, -0.955806, -0.199094][-0.614989, 0.203845, -0.761733][0.813685, -0.0850992, -0.575043]Time: 1497382832
Intersection_circle : [3.11578, 0.628149, 61.04]Normals (RGB)[-0.197734, -0.971944, -0.127385][-0.493672, -0.866578, -0.0730103][0.834599, -0.107611, -0.540245]Time: 1497382834
Intersection_circle : [2.51442, 1.11614, 59.9135]Normals (RGB)[-0.18603, -0.964929, -0.185215][-0.649097, 0.207229, -0.731935][0.855119, -0.124903, -0.503161]Time: 1497382836
Intersection_circle : [2.53487, 1.14839, 59.8563]Normals (RGB)[-0.179891, -0.964671, -0.192481][-0.633075, 0.260879, -0.728806][0.850727, -0.0767278, -0.519978]Time: 1497382837
Intersection_circle : [2.48319, 1.11703, 60.1952]Normals (RGB)[-0.193244, -0.959306, -0.205885][-0.592617, 0.211903, -0.777111][0.804626, -0.0954198, -0.586065]Time: 1497382839
Intersection_circle : [2.32546, 1.12131, 59.9768]Normals (RGB)[-0.193575, -0.962973, -0.187646][-0.653281, 0.246357, -0.715913][0.808236, -0.153283, -0.568558]Time: 1497382840
Intersection_circle : [2.45838, 1.12735, 60.1331]Normals (RGB)[-0.168963, -0.965305, -0.199092][-0.622698, 0.20858, -0.75415][0.802861, -0.124709, -0.582976]Time: 1497382842
Intersection_circle : [2.33408, 0.886281, 60.0048]Normals (RGB)[-0.19738, -0.974416, -0.107488][-0.625173, 0.227258, -0.746667][0.812211, -0.154342, -0.562576]Time: 1497382843
Intersection_circle : [2.44793, 1.09444, 60.1902]Normals (RGB)[-0.15315, -0.969958, -0.189015][-0.58299, 0.24451, -0.774814][0.794556, -0.0807303, -0.601801]Time: 1497382845
Intersection_circle : [2.33009, 1.0894, 60.1031]Normals (RGB)[-0.17872, -0.967521, -0.178778][-0.593545, 0.24181, -0.767615][0.794764, -0.0968518, -0.599141]Time: 1497382846
Intersection_circle : [2.34833, 1.01388, 60.2602]Normals (RGB)[-0.228954, -0.955994, -0.183453][-0.630987, 0.171723, -0.756549][0.775616, -0.124919, -0.61872]Time: 1497382848
Intersection_circle : [2.58993, 1.0545, 60.1277]Normals (RGB)[-0.148226, -0.972373, -0.180331][-0.571648, 0.241257, -0.784228][0.848938, -0.146564, -0.507762]Time: 1497382849
Intersection_circle : [2.34142, 1.09945, 60.082]Normals (RGB)[-0.17106, -0.968291, -0.182077][-0.585664, 0.264143, -0.766307][0.797682, -0.122538, -0.590497]Time: 1497382851
Intersection_circle : [2.63668, 0.969696, 60.5704]Normals (RGB)[-0.166741, -0.969363, -0.180369][-0.488394, -0.87071, -0.0577404][0.80123, -0.175041, -0.572181]Time: 1497382852
Intersection_circle : [2.38052, 1.08803, 59.9076]Normals (RGB)[-0.252381, -0.952002, -0.173191][-0.632549, 0.276858, -0.723347][0.834401, -0.0999985, -0.54201]Time: 1497382854
Intersection_circle : [2.31937, 1.15412, 60.1928]Normals (RGB)[-0.189799, -0.958049, -0.214751][-0.63899, 0.218244, -0.737605][0.777839, -0.165908, -0.606169]Time: 1497382855
Intersection_circle : [2.38376, 1.16672, 59.9888]Normals (RGB)[-0.190973, -0.961451, -0.197842][-0.652363, 0.214992, -0.726774][0.812413, -0.141465, -0.565661]Time: 1497382857
Intersection_circle : [2.46654, 1.05441, 59.9623]Normals (RGB)[-0.253015, -0.951808, -0.173335][-0.65265, 0.228089, -0.722512][0.83081, -0.0630948, -0.552968]Time: 1497382858
Intersection_circle : [2.42148, 1.07032, 60.178]Normals (RGB)[-0.164335, -0.970024, -0.179017][-0.596877, 0.251891, -0.761767][0.593112, -0.804084, -0.0408394]Time: 1497382860
Intersection_circle : [2.44895, 1.09632, 60.0986]Normals (RGB)[-0.14721, -0.971924, -0.183554][-0.620691, 0.202634, -0.757418][0.810218, -0.112855, -0.575162]Time: 1497382862
Intersection_circle : [2.46149, 1.12034, 60.1881]Normals (RGB)[-0.215287, -0.953653, -0.210231][-0.599746, 0.235011, -0.764901][0.807743, -0.10733, -0.579682]Time: 1497382863
Intersection_circle : [2.41682, 0.861013, 60.0964]Normals (RGB)[-0.20233, -0.971399, -0.124285][-0.63461, 0.194279, -0.748015][0.799185, -0.0541669, -0.598639]Time: 1497382865
Intersection_circle : [2.47514, 1.03892, 60.0925]Normals (RGB)[-0.239195, -0.955696, -0.171553][-0.639222, 0.182806, -0.746979][0.83422, -0.0767989, -0.546057]Time: 1497382866
Intersection_circle : [2.33896, 1.13766, 60.0102]Normals (RGB)[-0.177049, -0.965373, -0.191596][-0.6394, 0.262789, -0.722571][0.816412, -0.0877763, -0.57076]Time: 1497382868
Intersection_circle : [2.46964, 1.19246, 59.9703]Normals (RGB)[-0.200274, -0.953381, -0.225732][-0.656963, 0.22316, -0.720138][0.836276, -0.120716, -0.534855]Time: 1497382869
Intersection_circle : [2.53485, 1.101, 60.1228]Normals (RGB)[-0.215872, -0.952992, -0.212615][-0.617154, 0.18395, -0.765038][0.819025, -0.0620767, -0.570389]Time: 1497382871
Intersection_circle : [2.37942, 1.17091, 60.0737]Normals (RGB)[-0.162897, -0.967251, -0.194653][-0.64434, 0.216702, -0.733393][0.815843, -0.142424, -0.56046]Time: 1497382872
Intersection_circle : [2.47789, 1.28211, 60.2025]Normals (RGB)[-0.149296, -0.955852, -0.253097][-0.61216, 0.180136, -0.769942][0.799577, -0.135521, -0.585073]Time: 1497382874
Intersection_circle : [2.38794, 1.28384, 60.0222]Normals (RGB)[-0.164839, -0.961471, -0.220002][-0.640795, 0.249683, -0.725975][0.80278, -0.108031, -0.586408]Time: 1497382875
Intersection_circle : [2.47058, 1.13039, 59.932]Normals (RGB)[-0.151326, -0.970516, -0.187616][-0.631729, 0.253805, -0.732463][0.842208, -0.0846507, -0.532466]Time: 1497382877
Intersection_circle : [2.41814, 1.11629, 60.0021]Normals (RGB)[-0.183169, -0.963835, -0.193577][-0.630867, 0.240113, -0.737803][0.819486, -0.0976613, -0.564716]Time: 1497382878
Intersection_circle : [2.59169, 1.18799, 60.0001]Normals (RGB)[-0.180717, -0.962334, -0.203111][-0.622019, 0.193632, -0.758682][0.844091, -0.093838, -0.527926]Time: 1497382880
Intersection_circle : [2.51399, 1.20119, 60.0289]Normals (RGB)[-0.221757, -0.94776, -0.229294][-0.624575, 0.227533, -0.747084][0.817651, -0.0789304, -0.570278]Time: 1497382881
Intersection_circle : [2.95175, 1.01833, 59.7757]Normals (RGB)[-0.23069, -0.954883, -0.187032][-0.596657, 0.205965, -0.775615][0.771599, -0.58061, -0.259859]Time: 1497382883
Intersection_circle : [6.22995, -0.704206, 66.144]Normals (RGB)[-0.165386, -0.967672, -0.190416][0.449123, 0.893371, -0.0132932][0.835622, -0.104885, -0.539198]Time: 1497382884
Intersection_circle : [2.36742, 1.19446, 60.0231]Normals (RGB)[-0.217976, -0.952658, -0.211966][-0.646755, 0.234227, -0.725842][0.812347, -0.141354, -0.565784]Time: 1497382886
Intersection_circle : [2.43992, 1.09093, 60.1059]Normals (RGB)[-0.139164, -0.97308, -0.183706][-0.631833, 0.199692, -0.748939][0.807784, -0.0674868, -0.585603]Time: 1497382888
Intersection_circle : [2.48132, 1.01211, 59.9559]Normals (RGB)[-0.17622, -0.9716, -0.157925][-0.633083, 0.222799, -0.741328][0.835612, -0.0662452, -0.545311]Time: 1497382889
Intersection_circle : [2.41831, 0.994589, 59.9846]Normals (RGB)[-0.191683, -0.969732, -0.15125][-0.642643, 0.238833, -0.727989][0.82818, -0.0913932, -0.55296]Time: 1497382891
Intersection_circle : [2.40635, 1.1303, 60.21]Normals (RGB)[-0.182781, -0.961237, -0.206433][-0.610656, 0.21203, -0.762983][0.797941, -0.117752, -0.591122]Time: 1497382892
Intersection_circle : [2.30479, 1.13188, 60.1198]Normals (RGB)[-0.157604, -0.969739, -0.18646][-0.628827, 0.233274, -0.741728][0.77634, -0.179127, -0.604326]Time: 1497382894
Intersection_circle : [2.34959, 1.31539, 60.0619]Normals (RGB)[-0.151457, -0.957399, -0.245863][-0.643689, 0.24526, -0.724922][0.793949, -0.125267, -0.594939]Time: 1497382895
Intersection_circle : [2.39999, 1.14943, 60.1498]Normals (RGB)[-0.187083, -0.961519, -0.201198][-0.649101, 0.185852, -0.73765][0.795074, -0.105894, -0.597197]Time: 1497382897
Intersection_circle : [2.46095, 1.18232, 59.8809]Normals (RGB)[-0.218394, -0.953222, -0.20898][-0.641643, 0.263944, -0.720158][0.849795, -0.0990043, -0.517733]Time: 1497382898
Intersection_circle : [2.28697, 1.16015, 60.1067]Normals (RGB)[-0.165636, -0.964258, -0.206811][-0.645337, 0.244532, -0.723702][0.779463, -0.173264, -0.602011]Time: 1497382900
Intersection_circle : [2.56307, 1.22377, 60.0486]Normals (RGB)[-0.153527, -0.964011, -0.217054][-0.625801, 0.1969, -0.754721][0.834372, -0.0802485, -0.545328]Time: 1497382901
Intersection_circle : [2.41988, 1.12507, 59.8866]Normals (RGB)[-0.22247, -0.957756, -0.182236][-0.648198, 0.232263, -0.725185][0.830807, -0.103212, -0.546907]Time: 1497382903
Intersection_circle : [2.39594, 1.13983, 60.2563]Normals (RGB)[-0.186506, -0.960552, -0.206289][-0.618717, 0.181498, -0.764361][0.799106, -0.0706351, -0.597026]Time: 1497382904
Intersection_circle : [2.27549, 1.15148, 60.0299]Normals (RGB)[-0.233752, -0.950279, -0.20574][-0.632136, 0.271899, -0.725586][0.782776, -0.129622, -0.608654]Time: 1497382906
Intersection_circle : [2.34974, 1.0909, 60.145]Normals (RGB)[-0.160537, -0.970333, -0.180782][-0.618018, 0.230655, -0.751567][0.782212, -0.108778, -0.613442]Time: 1497382907
Intersection_circle : [2.48603, 1.0096, 60.1543]Normals (RGB)[-0.175721, -0.969921, -0.168448][-0.593294, 0.226547, -0.77245][0.79373, -0.090307, -0.601529]Time: 1497382909
Intersection_circle : [1.89147, 1.47676, 58.8761]Normals (RGB)[-0.180639, -0.962996, -0.200022][-0.522748, -0.850742, -0.0545173][0.850845, -0.101198, -0.515579]Time: 1497382910
Intersection_circle : [2.42054, 1.06626, 60.3088]Normals (RGB)[-0.177827, -0.965337, -0.191057][-0.591474, 0.191641, -0.783219][0.777908, -0.164468, -0.606472]Time: 1497382912
Intersection_circle : [2.26558, 1.02422, 60.0505]Normals (RGB)[-0.154373, -0.975469, -0.156938][-0.631487, 0.246376, -0.735203][0.774222, -0.0895268, -0.626551]Time: 1497382914
Intersection_circle : [2.54708, 1.08511, 60.0473]Normals (RGB)[-0.194995, -0.964747, -0.176747][-0.631462, 0.19291, -0.751027][0.853031, -0.063732, -0.517954]Time: 1497382915
Intersection_circle : [2.53073, 1.27443, 60.0423]Normals (RGB)[-0.191034, -0.950118, -0.24654][-0.6202, 0.207247, -0.756572][0.833345, -0.127622, -0.537818]Time: 1497382917
Intersection_circle : [2.37132, 1.02876, 59.8897]Normals (RGB)[-0.185789, -0.970769, -0.151956][-0.661737, 0.235687, -0.711727][0.839717, -0.156875, -0.519871]Time: 1497382918
Intersection_circle : [2.28276, 1.20679, 59.9661]Normals (RGB)[-0.211755, -0.955842, -0.203781][-0.659779, 0.239741, -0.712191][0.809293, -0.157895, -0.565785]Time: 1497382920
Intersection_circle : [2.59783, 1.17878, 60.0427]Normals (RGB)[-0.147164, -0.967428, -0.205978][-0.604422, 0.193705, -0.772757][0.846187, -0.0829785, -0.526386]Time: 1497382921
Intersection_circle : [2.39714, 1.03403, 60.1818]Normals (RGB)[-0.168632, -0.97053, -0.172148][-0.597051, 0.198019, -0.777379][0.805295, -0.116558, -0.581303]Time: 1497382923
Intersection_circle : [2.38148, 1.11139, 59.9832]Normals (RGB)[-0.207445, -0.961276, -0.181426][-0.670387, 0.201158, -0.714225][0.805152, -0.13292, -0.577981]Time: 1497382924
Intersection_circle : [2.42988, 1.15375, 59.9946]Normals (RGB)[-0.172462, -0.967217, -0.186407][-0.62044, 0.251341, -0.742887][0.83189, -0.107327, -0.544464]Time: 1497382926
Intersection_circle : [2.5561, 1.08627, 60.1153]Normals (RGB)[-0.184997, -0.963477, -0.193616][-0.610274, 0.192648, -0.768409][0.84259, -0.120603, -0.524877]Time: 1497382927
Intersection_circle : [2.41005, 1.1139, 60.1127]Normals (RGB)[-0.169701, -0.968613, -0.181631][-0.629329, 0.209831, -0.748276][0.816642, -0.131597, -0.561942]Time: 1497382929
Intersection_circle : [2.42905, 0.999356, 60.1453]Normals (RGB)[-0.151909, -0.976506, -0.152839][-0.609151, 0.204145, -0.766329][0.805006, -0.0958845, -0.585467]Time: 1497382930
Intersection_circle : [1.87136, 1.5002, 59.3248]Normals (RGB)[-0.218026, -0.950922, -0.219574][-0.48635, -0.872035, -0.0549386][0.801117, -0.171934, -0.57328]Time: 1497382932
Intersection_circle : [2.49425, 0.927707, 59.8648]Normals (RGB)[-0.190659, -0.973783, -0.124081][-0.63182, 0.233971, -0.738959][0.850066, -0.101578, -0.516788]Time: 1497382933
Intersection_circle : [2.47873, 1.1119, 60.1265]Normals (RGB)[-0.156103, -0.967715, -0.19789][-0.624616, 0.19721, -0.755621][0.821534, -0.133784, -0.554241]Time: 1497382935
Intersection_circle : [2.33862, 1.10545, 60.0099]Normals (RGB)[-0.157194, -0.971492, -0.177463][-0.629455, 0.247866, -0.736444][0.796863, -0.1442, -0.586699]Time: 1497382936
Intersection_circle : [2.42251, 1.18852, 60.1616]Normals (RGB)[-0.149253, -0.967443, -0.204397][-0.617894, 0.190785, -0.762763][0.813771, -0.138765, -0.564377]Time: 1497382938
Intersection_circle : [2.49269, 1.0482, 60.1252]Normals (RGB)[-0.16979, -0.970039, -0.173771][-0.602319, 0.220601, -0.767168][0.826371, -0.126359, -0.548767]Time: 1497382940
Intersection_circle : [2.53384, 1.07545, 60.0525]Normals (RGB)[-0.150479, -0.971786, -0.181626][-0.643463, 0.184917, -0.742806][0.85118, -0.0760979, -0.519328]Time: 1497382941
Intersection_circle : [2.25788, 1.09549, 60.0159]Normals (RGB)[-0.159827, -0.971892, -0.17286][-0.667493, 0.241645, -0.704316][0.790908, -0.117965, -0.600458]Time: 1497382943
Intersection_circle : [2.50603, 1.17367, 59.867]Normals (RGB)[-0.145536, -0.970494, -0.192254][-0.635589, 0.240798, -0.733514][0.862436, -0.047874, -0.503897]Time: 1497382944
Intersection_circle : [2.33386, 1.18687, 60.0433]Normals (RGB)[-0.183364, -0.961903, -0.20278][-0.581846, 0.283699, -0.762214][0.798555, -0.0897031, -0.5952]Time: 1497382946
Intersection_circle : [2.89092, 0.777307, 61.1509]Normals (RGB)[-0.174445, -0.96756, -0.182746][-0.513945, -0.857348, -0.0285615][0.759419, -0.197874, -0.619781]Time: 1497382947
Intersection_circle : [2.40838, 1.03385, 60.0351]Normals (RGB)[-0.221231, -0.958488, -0.179884][-0.629429, 0.238611, -0.739516][0.814501, -0.0982361, -0.571784]Time: 1497382949
Intersection_circle : [2.53289, 1.16433, 60.0552]Normals (RGB)[-0.22184, -0.949357, -0.222506][-0.619823, 0.218118, -0.753819][0.83029, -0.0748579, -0.552282]Time: 1497382950
Intersection_circle : [2.47421, 1.16746, 60.0816]Normals (RGB)[-0.193706, -0.954987, -0.224674][-0.642954, 0.205207, -0.737903][0.820553, -0.123176, -0.55814]Time: 1497382952
Intersection_circle : [2.45666, 1.12026, 60.1238]Normals (RGB)[-0.225072, -0.949722, -0.217647][-0.6071, 0.236893, -0.758493][0.817306, -0.0967804, -0.568018]Time: 1497382953
Intersection_circle : [2.40548, 1.12111, 60.1809]Normals (RGB)[-0.208254, -0.95747, -0.199706][-0.614389, 0.208346, -0.760999][0.795537, -0.104496, -0.596826]Time: 1497382955
Intersection_circle : [2.48577, 1.20829, 60.1257]Normals (RGB)[-0.166535, -0.957631, -0.234965][-0.61922, 0.192561, -0.76124][0.810179, -0.0932931, -0.578711]Time: 1497382956
Intersection_circle : [2.44715, 1.15634, 60.0932]Normals (RGB)[-0.182663, -0.960708, -0.208986][-0.614296, 0.234999, -0.75327][0.814427, -0.133231, -0.564764]Time: 1497382958
Intersection_circle : [2.54431, 1.06296, 60.1426]Normals (RGB)[-0.180543, -0.966055, -0.184774][-0.598952, 0.207644, -0.773395][0.836019, -0.126895, -0.533825]Time: 1497382959
Intersection_circle : [2.40853, 1.06141, 60.2091]Normals (RGB)[-0.166099, -0.969933, -0.177877][-0.598945, 0.209905, -0.77279][0.802293, -0.155986, -0.576189]Time: 1497382961
Intersection_circle : [2.46093, 1.26355, 60.1129]Normals (RGB)[-0.167865, -0.95591, -0.240952][-0.606152, 0.224316, -0.763061][0.820361, -0.129035, -0.557098]Time: 1497382962
Intersection_circle : [2.41283, 1.07373, 60.1903]Normals (RGB)[-0.155971, -0.971129, -0.180501][-0.596849, 0.224263, -0.770375][0.79892, -0.173643, -0.575825]Time: 1497382964
Intersection_circle : [2.44915, 1.10926, 60.1875]Normals (RGB)[-0.139557, -0.971407, -0.192073][-0.606729, 0.199976, -0.769344][0.794967, -0.088514, -0.600161]Time: 1497382966
Intersection_circle : [2.35148, 1.04594, 60.005]Normals (RGB)[-0.195736, -0.966455, -0.16629][-0.657116, 0.216483, -0.722035][0.825889, -0.160054, -0.540639]Time: 1497382967
Intersection_circle : [2.36123, 0.979151, 60.1641]Normals (RGB)[-0.178205, -0.972041, -0.152905][-0.633927, 0.203016, -0.746271][0.799543, -0.0945556, -0.593119]Time: 1497382969
Intersection_circle : [7.48394, -1.61553, 67.4949]Normals (RGB)[-0.226222, -0.956415, -0.184644][-0.447583, -0.8933, -0.0410496][0.811225, -0.0827949, -0.578842]Time: 1497382970
Intersection_circle : [2.32393, 1.0932, 60.0131]Normals (RGB)[-0.155833, -0.972643, -0.172285][-0.636837, 0.232298, -0.735171][0.803697, -0.114794, -0.583861]Time: 1497382972
Intersection_circle : [2.43268, 1.18073, 59.9871]Normals (RGB)[-0.192691, -0.959246, -0.20668][-0.630795, 0.232766, -0.740215][0.822864, -0.101909, -0.559026]Time: 1497382973
Intersection_circle : [2.55325, 1.32171, 60.1464]Normals (RGB)[-0.188092, -0.944634, -0.268863][-0.601106, 0.201952, -0.773231][0.8294, -0.119236, -0.545783]Time: 1497382975
Intersection_circle : [2.3783, 1.11924, 60.007]Normals (RGB)[-0.157948, -0.970289, -0.183281][-0.672547, 0.199281, -0.712719][0.818858, -0.0948053, -0.566112]Time: 1497382976
Intersection_circle : [2.4094, 1.32781, 59.9965]Normals (RGB)[-0.15205, -0.961963, -0.226956][-0.630127, 0.240648, -0.738261][0.819988, -0.145556, -0.553564]Time: 1497382978
Intersection_circle : [2.40964, 1.04941, 60.1179]Normals (RGB)[-0.249486, -0.95323, -0.170617][-0.6193, 0.224444, -0.752391][0.802779, -0.0796233, -0.590936]Time: 1497382979
Intersection_circle : [3.28452, 0.667782, 61.452]Normals (RGB)[-0.157236, -0.973376, -0.166781][-0.461841, -0.886027, -0.0407292][0.772939, -0.120592, -0.622914]Time: 1497382981
Intersection_circle : [2.49439, 1.12047, 59.9885]Normals (RGB)[-0.214456, -0.954045, -0.209302][-0.625975, 0.234559, -0.743732][0.836131, -0.0550371, -0.545762]Time: 1497382982
Intersection_circle : [2.27194, 0.959727, 60.1901]Normals (RGB)[-0.191878, -0.970937, -0.14305][-0.61943, 0.222475, -0.752869][0.762295, -0.110087, -0.637799]Time: 1497382984
Intersection_circle : [2.41736, 1.02882, 60.1553]Normals (RGB)[-0.159424, -0.973066, -0.166512][-0.613699, 0.214844, -0.759747][0.782534, -0.117646, -0.611392]Time: 1497382985
Intersection_circle : [2.49483, 1.12769, 60.1208]Normals (RGB)[-0.15703, -0.966122, -0.204818][-0.624581, 0.196448, -0.755849][0.808142, -0.115244, -0.577603]Time: 1497382987
Intersection_circle : [2.31101, 1.0654, 59.925]Normals (RGB)[-0.223692, -0.958525, -0.176614][-0.667266, 0.239764, -0.705173][0.813768, -0.146073, -0.562534]Time: 1497382988
Intersection_circle : [2.41578, 1.11719, 60.0099]Normals (RGB)[-0.155872, -0.970343, -0.184766][-0.612632, 0.244066, -0.751741][0.805139, -0.12355, -0.580075]Time: 1497382990
Intersection_circle : [2.55226, 1.11365, 60.0701]Normals (RGB)[-0.192576, -0.959762, -0.204379][-0.629537, 0.184624, -0.754717][0.826204, -0.0627233, -0.559868]Time: 1497382991
Intersection_circle : [2.54324, 1.25481, 60.2583]Normals (RGB)[-0.187508, -0.945305, -0.266906][-0.585259, 0.198076, -0.786281][0.795873, -0.133484, -0.590566]Time: 1497382993
Intersection_circle : [2.52206, 1.13541, 60.116]Normals (RGB)[-0.156916, -0.967654, -0.19754][-0.623117, 0.18318, -0.760375][0.821001, -0.0808697, -0.565171]Time: 1497382995
Intersection_circle : [2.43578, 1.00618, 60.1386]Normals (RGB)[-0.189361, -0.968219, -0.163385][-0.62834, 0.199883, -0.751821][0.809255, -0.146557, -0.568883]Time: 1497382996
Intersection_circle : [3.81723, 0.369045, 62.1411]Normals (RGB)[-0.20394, -0.964415, -0.16826][-0.462614, -0.886385, -0.0176038][0.799419, -0.113348, -0.589984]Time: 1497382998
Intersection_circle : [2.32899, 1.14015, 59.9707]Normals (RGB)[-0.154274, -0.970778, -0.183821][-0.64995, 0.243493, -0.719914][0.800362, -0.117199, -0.58795]Time: 1497382999
Intersection_circle : [2.42333, 1.11951, 60.098]Normals (RGB)[-0.201888, -0.956859, -0.208954][-0.611737, 0.23987, -0.753817][0.807988, -0.138301, -0.572738]Time: 1497383001
Intersection_circle : [2.29411, 1.19651, 60.0689]Normals (RGB)[-0.230069, -0.946476, -0.226389][-0.66152, 0.229308, -0.714009][0.794334, -0.123826, -0.594727]Time: 1497383002
Intersection_circle : [2.47836, 1.17084, 60.113]Normals (RGB)[-0.204772, -0.952547, -0.225217][-0.627765, 0.218707, -0.747046][0.809817, -0.0964685, -0.578697]Time: 1497383004
Intersection_circle : [2.75494, 0.879089, 60.6113]Normals (RGB)[-0.200937, -0.962227, -0.183692][-0.505015, -0.862818, -0.0224463][0.815338, -0.0913515, -0.571733]Time: 1497383005
Intersection_circle : [2.53712, 1.06656, 60.2309]Normals (RGB)[-0.168262, -0.968379, -0.184203][-0.592836, 0.182996, -0.784256][0.820617, -0.130937, -0.556276]Time: 1497383007
Intersection_circle : [2.57042, 1.27065, 60.1043]Normals (RGB)[-0.149872, -0.962406, -0.226525][-0.618177, 0.200863, -0.759942][0.827754, -0.109468, -0.550309]Time: 1497383008
Intersection_circle : [2.43647, 1.12607, 59.9064]Normals (RGB)[-0.177685, -0.965297, -0.191387][-0.656129, 0.252923, -0.711003][0.828809, -0.0893491, -0.552352]Time: 1497383010
Intersection_circle : [2.38209, 1.14959, 59.978]Normals (RGB)[-0.15707, -0.96901, -0.190653][-0.631993, 0.256996, -0.731121][0.812125, -0.100198, -0.574816]Time: 1497383011
Intersection_circle : [2.33698, 0.91881, 60.173]Normals (RGB)[-0.191094, -0.972365, -0.134127][-0.605358, 0.222544, -0.764209][0.77377, -0.136178, -0.618657]Time: 1497383013
Intersection_circle : [2.41934, 1.15157, 60.2362]Normals (RGB)[-0.15148, -0.966071, -0.209189][-0.597662, 0.21208, -0.77319][0.772947, -0.150923, -0.616259]Time: 1497383014
Intersection_circle : [2.49625, 1.12009, 60.188]Normals (RGB)[-0.207229, -0.953834, -0.217384][-0.587855, 0.219046, -0.778746][0.803461, -0.0880613, -0.588808]Time: 1497383016
Intersection_circle : [2.43251, 1.22765, 60.1356]Normals (RGB)[-0.123423, -0.969383, -0.212279][-0.631316, 0.191681, -0.751464][0.812684, -0.11654, -0.570931]Time: 1497383017
Intersection_circle : [2.58896, 1.13783, 60.0832]Normals (RGB)[-0.183184, -0.959541, -0.213836][-0.592908, 0.217173, -0.775433][0.828872, -0.0663534, -0.555489]Time: 1497383019
Intersection_circle : [2.38949, 1.08546, 60.0212]Normals (RGB)[-0.235988, -0.951495, -0.1974][-0.627339, 0.2463, -0.738771][0.813226, -0.107072, -0.572014]Time: 1497383021
Intersection_circle : [2.42647, 1.18862, 60.2654]Normals (RGB)[-0.17854, -0.961325, -0.209708][-0.597944, 0.203555, -0.77526][0.778775, -0.155342, -0.607765]Time: 1497383022
Intersection_circle : [2.38659, 0.989224, 60.0111]Normals (RGB)[-0.167495, -0.975342, -0.143712][-0.657826, 0.207148, -0.724123][0.810828, -0.122355, -0.572353]Time: 1497383024
Intersection_circle : [2.56233, 1.07541, 60.0393]Normals (RGB)[-0.227435, -0.955306, -0.188847][-0.636979, 0.207972, -0.742298][0.847099, -0.0883456, -0.52404]Time: 1497383025
Intersection_circle : [2.49541, 1.13638, 60.1087]Normals (RGB)[-0.154245, -0.96723, -0.201678][-0.622823, 0.198129, -0.756859][0.834969, -0.0853408, -0.543639]Time: 1497383027
Intersection_circle : [2.50142, 1.09887, 60.215]Normals (RGB)[-0.23727, -0.951869, -0.194034][-0.630279, 0.15297, -0.761149][0.820139, -0.122307, -0.558939]Time: 1497383028
Intersection_circle : [2.50864, 1.04738, 60.0865]Normals (RGB)[-0.255249, -0.951211, -0.173338][-0.613016, 0.215953, -0.759984][0.830529, -0.12317, -0.543186]Time: 1497383030
Intersection_circle : [2.372, 1.09512, 60.0162]Normals (RGB)[-0.165432, -0.970866, -0.173351][-0.617047, 0.274605, -0.737459][0.809216, -0.0956013, -0.57968]Time: 1497383031
Intersection_circle : [2.38326, 1.07161, 60.1987]Normals (RGB)[-0.223963, -0.956589, -0.18649][-0.620529, 0.20683, -0.756416][0.788414, -0.154211, -0.595502]Time: 1497383033
Intersection_circle : [2.32344, 1.01045, 59.945]Normals (RGB)[-0.199415, -0.968616, -0.148378][-0.623523, 0.272547, -0.73276][0.7992, -0.0961854, -0.593319]Time: 1497383034
Intersection_circle : [2.53001, 1.17261, 60.1071]Normals (RGB)[-0.201746, -0.954766, -0.218452][-0.621415, 0.197716, -0.758124][0.822165, -0.0883823, -0.562346]Time: 1497383036
Intersection_circle : [2.46475, 1.13554, 60.1963]Normals (RGB)[-0.154877, -0.965801, -0.207946][-0.615849, 0.184177, -0.766035][0.792747, -0.088721, -0.60306]Time: 1497383037
Intersection_circle : [2.44798, 1.13809, 60.0549]Normals (RGB)[-0.176755, -0.965225, -0.192611][-0.64351, 0.222932, -0.732255][0.832763, -0.112348, -0.542111]Time: 1497383039
Intersection_circle : [2.49655, 1.16538, 60.1371]Normals (RGB)[-0.204236, -0.952454, -0.226096][-0.610031, 0.203152, -0.765893][0.806377, -0.139407, -0.574737]Time: 1497383040
Intersection_circle : [2.30775, 1.16214, 60.0029]Normals (RGB)[-0.17586, -0.966097, -0.189022][-0.649905, 0.25626, -0.71551][0.792396, -0.0957565, -0.602444]Time: 1497383042
Intersection_circle : [1.99293, 1.4693, 58.9959]Normals (RGB)[-0.171297, -0.963408, -0.206161][-0.493076, -0.868294, -0.054232][0.848858, -0.0749259, -0.523283]Time: 1497383044
Intersection_circle : [2.59001, 1.00394, 60.2148]Normals (RGB)[-0.218652, -0.959056, -0.180007][-0.584941, 0.173469, -0.792308][0.83358, -0.0810352, -0.546422]Time: 1497383045
Intersection_circle : [2.42886, 1.13989, 60.1322]Normals (RGB)[-0.195707, -0.955379, -0.221247][-0.616123, 0.211401, -0.75875][0.805793, -0.119768, -0.57996]Time: 1497383047
Intersection_circle : [2.21218, 1.17664, 60.127]Normals (RGB)[-0.185405, -0.96234, -0.198811][-0.638123, 0.249389, -0.728426][0.757061, -0.125455, -0.641187]Time: 1497383048
Intersection_circle : [2.45594, 1.04172, 60.1237]Normals (RGB)[-0.172509, -0.969905, -0.171826][-0.616391, 0.204135, -0.76052][0.816415, -0.145626, -0.558801]Time: 1497383050
Intersection_circle : [2.49017, 1.11928, 60.2219]Normals (RGB)[-0.223105, -0.948252, -0.225924][-0.585418, 0.233543, -0.776365][0.808685, -0.0946583, -0.580576]Time: 1497383051
Intersection_circle : [2.46049, 1.18882, 60.2034]Normals (RGB)[-0.182962, -0.957135, -0.224539][-0.591444, 0.224503, -0.774463][0.795379, -0.0929937, -0.598936]Time: 1497383053
Intersection_circle : [2.31076, 1.09573, 60.0236]Normals (RGB)[-0.163494, -0.971638, -0.170849][-0.589454, 0.280377, -0.757584][0.792736, -0.111367, -0.599306]Time: 1497383054
Intersection_circle : [2.37417, 1.08941, 60.0622]Normals (RGB)[-0.144429, -0.974492, -0.171773][-0.636157, 0.213519, -0.741427][0.784623, -0.0663864, -0.616409]Time: 1497383056
Intersection_circle : [3.88669, 0.362906, 62.1992]Normals (RGB)[-0.188961, -0.968168, -0.164145][-0.451719, -0.88912, -0.0735895][0.767693, -0.0862766, -0.634983]Time: 1497383057
Intersection_circle : [2.49308, 1.18028, 60.0041]Normals (RGB)[-0.158885, -0.967139, -0.198491][-0.635517, 0.233718, -0.735863][0.832381, -0.128369, -0.539133]Time: 1497383059
Intersection_circle : [2.40682, 1.04735, 60.2067]Normals (RGB)[-0.163287, -0.971092, -0.174122][-0.635231, 0.167096, -0.754029][0.800777, -0.170622, -0.574147]Time: 1497383060
Intersection_circle : [2.50666, 1.15066, 60.1251]Normals (RGB)[-0.138369, -0.96988, -0.200466][-0.63656, 0.176356, -0.750793][0.827043, -0.13149, -0.546543]Time: 1497383062
Intersection_circle : [10.1467, -2.60749, 71.8448]Normals (RGB)[-0.180661, -0.965974, -0.185084][0.445488, 0.895255, -0.00769479][0.803811, -0.144919, -0.576963]Time: 1497383063
Intersection_circle : [2.20952, 1.28463, 60.1416]Normals (RGB)[-0.195543, -0.951265, -0.238449][-0.638906, 0.267214, -0.721385][0.765443, -0.135521, -0.629072]Time: 1497383065
Intersection_circle : [2.48833, 1.00755, 60.2056]Normals (RGB)[-0.182089, -0.967128, -0.177502][-0.595016, 0.193041, -0.780186][0.813497, -0.0786952, -0.57622]Time: 1497383067
Intersection_circle : [2.44671, 1.08084, 60.2071]Normals (RGB)[-0.202145, -0.960168, -0.192912][-0.599503, 0.215988, -0.770679][0.789742, -0.0922457, -0.606464]Time: 1497383068
Intersection_circle : [2.39995, 0.976484, 60.0375]Normals (RGB)[-0.183032, -0.972247, -0.145722][-0.636129, 0.210526, -0.742306][0.823792, -0.123302, -0.553321]Time: 1497383070
Intersection_circle : [2.36143, 1.02817, 60.2517]Normals (RGB)[-0.156828, -0.972635, -0.171423][-0.593814, 0.225474, -0.772364][0.779109, -0.131296, -0.612985]Time: 1497383071
Intersection_circle : [2.85266, 0.793193, 60.7173]Normals (RGB)[-0.203781, -0.966475, -0.156202][-0.518578, -0.850598, -0.0869478][0.821985, -0.121011, -0.556505]Time: 1497383073
Intersection_circle : [2.306, 1.11687, 60.1138]Normals (RGB)[-0.186744, -0.965107, -0.183561][-0.625171, 0.226504, -0.746898][0.794144, -0.139795, -0.591432]Time: 1497383074
Intersection_circle : [2.44008, 1.11089, 60.1656]Normals (RGB)[-0.194071, -0.961117, -0.196445][-0.612098, 0.211743, -0.761906][0.802273, -0.086354, -0.590678]Time: 1497383076
Intersection_circle : [2.40897, 1.15989, 60.1412]Normals (RGB)[-0.206855, -0.953407, -0.219605][-0.619079, 0.217926, -0.754486][0.792412, -0.115364, -0.598978]Time: 1497383077
Intersection_circle : [2.29838, 1.20758, 60.0576]Normals (RGB)[-0.195538, -0.956682, -0.215695][-0.626139, 0.265064, -0.733274][0.795413, -0.117836, -0.594502]Time: 1497383079
Intersection_circle : [2.48676, 1.08007, 60.1149]Normals (RGB)[-0.16977, -0.967553, -0.187132][-0.612327, 0.19648, -0.765801][0.820198, -0.123088, -0.558681]Time: 1497383080
Intersection_circle : [1.3125, 1.65724, 58.7983]Normals (RGB)[-0.158598, -0.965023, -0.208751][0.443038, 0.896344, -0.0168924][0.782153, -0.0800547, -0.617923]Time: 1497383082
Intersection_circle : [2.47523, 1.09231, 60.1335]Normals (RGB)[-0.158778, -0.970372, -0.182122][-0.605231, 0.227417, -0.762874][0.814695, -0.113771, -0.568619]Time: 1497383083
Intersection_circle : [2.47529, 1.02719, 60.0869]Normals (RGB)[-0.213537, -0.964456, -0.155648][-0.647828, 0.18083, -0.740013][0.810555, -0.100089, -0.577047]Time: 1497383085
Intersection_circle : [2.37039, 1.15262, 59.9468]Normals (RGB)[-0.165029, -0.968542, -0.186255][-0.668263, 0.239429, -0.704343][0.812566, -0.0801953, -0.577326]Time: 1497383086
Intersection_circle : [2.47082, 1.15536, 59.9968]Normals (RGB)[-0.211047, -0.95441, -0.211092][-0.614093, 0.251408, -0.74812][0.828157, -0.100953, -0.55133]Time: 1497383088
Intersection_circle : [2.50114, 1.09642, 60.1255]Normals (RGB)[-0.167596, -0.968147, -0.186021][-0.627725, 0.191736, -0.754452][0.811607, -0.0557251, -0.581541]Time: 1497383089
Intersection_circle : [2.40139, 1.16593, 60.054]Normals (RGB)[-0.175415, -0.965111, -0.194397][-0.637337, 0.245058, -0.73058][0.821035, -0.166502, -0.546057]Time: 1497383091
Intersection_circle : [2.49142, 1.24372, 60.0386]Normals (RGB)[-0.197693, -0.949416, -0.243982][-0.654784, 0.219584, -0.723216][0.818668, -0.0650274, -0.570574]Time: 1497383093
Intersection_circle : [2.25069, 1.20166, 60.0328]Normals (RGB)[-0.212292, -0.95529, -0.205798][-0.630521, 0.269734, -0.727796][0.7767, -0.134484, -0.615346]Time: 1497383094
Intersection_circle : [2.52285, 1.06533, 60.0843]Normals (RGB)[-0.204524, -0.962832, -0.176424][-0.621412, 0.191739, -0.75966][0.828474, -0.104305, -0.550228]Time: 1497383096
Intersection_circle : [2.36147, 1.23149, 60.0028]Normals (RGB)[-0.153433, -0.963302, -0.220242][-0.642874, 0.255228, -0.722199][0.802803, -0.12249, -0.583527]Time: 1497383097
Intersection_circle : [2.82578, 0.954113, 59.7571]Normals (RGB)[-0.212063, -0.964132, -0.159621][-0.643468, 0.192483, -0.740877][0.753596, -0.603603, -0.2603]Time: 1497383099
Intersection_circle : [2.41158, 0.971443, 59.9207]Normals (RGB)[-0.194547, -0.970232, -0.144231][-0.624774, 0.259358, -0.736472][0.829266, -0.0462635, -0.556937]Time: 1497383100
Intersection_circle : [2.41251, 1.10108, 60.1678]Normals (RGB)[-0.150195, -0.971708, -0.182278][-0.614935, 0.209629, -0.760204][0.79794, -0.13737, -0.586874]Time: 1497383102
Intersection_circle : [2.48616, 1.14355, 60.2162]Normals (RGB)[-0.194496, -0.955461, -0.221959][-0.632815, 0.17427, -0.754437][0.813566, -0.0885598, -0.574689]Time: 1497383103
Intersection_circle : [2.5075, 0.849658, 59.9773]Normals (RGB)[-0.21633, -0.970052, -0.110453][-0.618328, 0.201498, -0.75965][0.852985, -0.111106, -0.509972]Time: 1497383105
Intersection_circle : [2.45275, 1.05511, 60.1421]Normals (RGB)[-0.154409, -0.971604, -0.179286][-0.607588, 0.2066, -0.766912][0.813422, -0.110903, -0.571004]Time: 1497383106
Intersection_circle : [2.24927, 0.996076, 60.2548]Normals (RGB)[-0.22572, -0.960032, -0.165495][-0.623759, 0.217976, -0.750607][0.756785, -0.141849, -0.638087]Time: 1497383108
Intersection_circle : [2.36445, 1.20988, 60.021]Normals (RGB)[-0.187179, -0.961424, -0.201564][-0.661432, 0.213085, -0.719098][0.802172, -0.100056, -0.58865]Time: 1497383109
Intersection_circle : [2.28417, 1.14647, 60.0854]Normals (RGB)[-0.166697, -0.968814, -0.183336][-0.659983, 0.232974, -0.714245][0.772373, -0.118996, -0.623922]Time: 1497383111
Intersection_circle : [-1.68601, 3.14114, 54.3414]Normals (RGB)[-0.19854, -0.960257, -0.196183][0.461596, 0.886909, -0.0179511][0.796245, -0.114769, -0.593989]Time: 1497383112
Intersection_circle : [2.53526, 1.08444, 60.1062]Normals (RGB)[-0.184635, -0.965338, -0.18448][-0.614698, 0.186814, -0.76632][0.848858, -0.0765312, -0.523052]Time: 1497383114
Intersection_circle : [2.47659, 1.12337, 60.0751]Normals (RGB)[-0.183795, -0.9629, -0.197595][-0.619523, 0.210977, -0.756095][0.825224, -0.117958, -0.55235]Time: 1497383115
Intersection_circle : [-0.20028, 2.58924, 56.4585]Normals (RGB)[-0.206046, -0.95309, -0.22173][-0.487631, -0.872999, -0.00945852][0.782113, -0.142128, -0.606712]Time: 1497383117
Intersection_circle : [4.04083, 0.178407, 62.5553]Normals (RGB)[-0.21185, -0.9695, -0.123245][-0.469927, -0.8822, -0.0298657][0.821732, -0.0716571, -0.565351]Time: 1497383119
Intersection_circle : [2.52025, 1.05062, 60.0554]Normals (RGB)[-0.158397, -0.972302, -0.171872][-0.612977, 0.201037, -0.764096][0.832861, -0.105091, -0.543414]Time: 1497383120
Intersection_circle : [2.42934, 1.092, 60.1613]Normals (RGB)[-0.197424, -0.961198, -0.192671][-0.612958, 0.209309, -0.761888][0.789999, -0.0871253, -0.606886]Time: 1497383122
Intersection_circle : [2.31235, 1.09323, 60.268]Normals (RGB)[-0.150407, -0.970361, -0.189148][-0.621493, 0.173924, -0.76387][0.781093, -0.171363, -0.60044]Time: 1497383123
Intersection_circle : [2.3632, 0.944084, 60.126]Normals (RGB)[-0.20939, -0.968124, -0.137446][-0.613206, 0.219292, -0.758874][0.791939, -0.0804028, -0.605284]Time: 1497383125
Intersection_circle : [2.55849, 1.10377, 60.0229]Normals (RGB)[-0.223702, -0.953625, -0.201385][-0.644819, 0.198237, -0.73818][0.838489, -0.038429, -0.543562]Time: 1497383126
Intersection_circle : [2.20439, 1.19598, 59.7902]Normals (RGB)[-0.20346, -0.959695, -0.193879][0.422258, 0.905044, -0.0509357][0.800973, -0.0991995, -0.590425]Time: 1497383128
Intersection_circle : [2.25951, 1.07079, 60.0394]Normals (RGB)[-0.186662, -0.968781, -0.16316][-0.611702, 0.278649, -0.740389][0.792157, -0.120015, -0.598401]Time: 1497383129
Intersection_circle : [2.50437, 1.06987, 60.1222]Normals (RGB)[-0.163881, -0.969527, -0.1821][-0.598271, 0.219477, -0.77065][0.811142, -0.0649805, -0.581227]Time: 1497383131
Intersection_circle : [2.44501, 1.12618, 60.199]Normals (RGB)[-0.140042, -0.967218, -0.211842][-0.598902, 0.209142, -0.77303][0.8029, -0.123455, -0.58319]Time: 1497383132
Intersection_circle : [2.35214, 1.08071, 60.1484]Normals (RGB)[-0.173628, -0.969523, -0.172856][-0.639161, 0.199358, -0.742785][0.80086, -0.130108, -0.584547]Time: 1497383134
Intersection_circle : [2.45268, 1.09466, 60.1484]Normals (RGB)[-0.148686, -0.96996, -0.192538][-0.629492, 0.191328, -0.753083][0.813885, -0.133861, -0.565396]Time: 1497383135
Intersection_circle : [2.43769, 1.07224, 59.9606]Normals (RGB)[-0.183656, -0.968206, -0.169845][-0.621319, 0.249642, -0.742726][0.824555, -0.106699, -0.55563]Time: 1497383137
Intersection_circle : [2.4906, 1.08434, 60.025]Normals (RGB)[-0.150336, -0.972604, -0.177316][-0.608448, 0.252459, -0.752367][0.817769, -0.0624201, -0.572152]Time: 1497383138
