Intersection_circle : [2.36372, 1.15726, 60.0397]Normals (RGB)[-0.181439, -0.962, -0.20405][-0.613867, 0.22855, -0.7556][0.783301, -0.136963, -0.606367]Time: 1497379846
Intersection_circle : [2.23532, 1.16525, 60.0322]Normals (RGB)[-0.177683, -0.964078, -0.197438][-0.607426, 0.244059, -0.755956][0.769736, -0.128911, -0.625211]Time: 1497379848
Intersection_circle : [2.37745, 1.23417, 59.9921]Normals (RGB)[-0.210789, -0.949549, -0.232216][-0.651237, 0.211161, -0.728904][0.804569, -0.10811, -0.583936]Time: 1497379850
Intersection_circle : [2.4184, 1.25162, 60.1539]Normals (RGB)[-0.152737, -0.959982, -0.234746][-0.62672, 0.174617, -0.759428][0.786325, -0.093847, -0.610644]Time: 1497379852
Intersection_circle : [2.46146, 1.25265, 60.101]Normals (RGB)[-0.189588, -0.95618, -0.223107][-0.595138, 0.215763, -0.774117][0.798332, -0.105148, -0.592967]Time: 1497379854
Intersection_circle : [2.38628, 1.24044, 59.9109]Normals (RGB)[-0.181683, -0.962044, -0.203624][-0.635369, 0.260746, -0.726854][0.820903, -0.0890869, -0.564077]Time: 1497379857
Intersection_circle : [2.43012, 1.03235, 60.0457]Normals (RGB)[-0.199493, -0.964834, -0.171165][-0.593669, 0.217575, -0.774738][0.80881, -0.0804175, -0.582545]Time: 1497379859
Intersection_circle : [2.22425, 1.02239, 59.9279]Normals (RGB)[-0.208018, -0.967063, -0.14669][-0.674573, 0.223204, -0.703655][0.787049, -0.148703, -0.598699]Time: 1497379861
Intersection_circle : [2.43362, 1.09253, 60.0753]Normals (RGB)[-0.220435, -0.956656, -0.190311][-0.600241, 0.210381, -0.771654][0.810643, -0.0884237, -0.578825]Time: 1497379863
Intersection_circle : [2.40012, 1.13872, 59.9295]Normals (RGB)[-0.204501, -0.957699, -0.202463][-0.649538, 0.218422, -0.72828][0.819504, -0.0867704, -0.566465]Time: 1497379865
Intersection_circle : [2.49953, 1.08086, 60.0121]Normals (RGB)[-0.179233, -0.967018, -0.180976][-0.58915, 0.226946, -0.775499][0.812743, -0.0579736, -0.579731]Time: 1497379867
Intersection_circle : [2.3477, 1.13942, 59.972]Normals (RGB)[-0.184705, -0.963968, -0.191443][-0.609266, 0.240952, -0.755472][0.799552, -0.118229, -0.588845]Time: 1497379869
Intersection_circle : [2.47475, 1.07459, 60.0518]Normals (RGB)[-0.185485, -0.96431, -0.188951][-0.624084, 0.191137, -0.757619][0.819902, -0.0684716, -0.568395]Time: 1497379872
Intersection_circle : [2.20006, 0.947644, 60.1757]Normals (RGB)[-0.201618, -0.968842, -0.143855][-0.627821, 0.212766, -0.748714][0.742933, -0.13787, -0.655013]Time: 1497379874
Intersection_circle : [2.41859, 1.13833, 60.0317]Normals (RGB)[-0.187044, -0.960238, -0.207263][-0.608156, 0.2246, -0.761381][0.799036, -0.0675926, -0.597472]Time: 1497379876
Intersection_circle : [2.19585, 1.08632, 60.0044]Normals (RGB)[-0.182461, -0.966685, -0.179521][-0.655909, 0.230038, -0.718933][0.775491, -0.193302, -0.60104]Time: 1497379878
Intersection_circle : [2.41856, 1.14299, 60.0689]Normals (RGB)[-0.203127, -0.957494, -0.204803][-0.627954, 0.196793, -0.752958][0.797651, -0.146737, -0.584997]Time: 1497379880
Intersection_circle : [2.43095, 1.15449, 60.0598]Normals (RGB)[-0.202752, -0.959225, -0.196922][-0.598776, 0.223588, -0.769074][0.812469, -0.123112, -0.569858]Time: 1497379882
Intersection_circle : [2.43421, 1.2494, 59.9829]Normals (RGB)[-0.216591, -0.951679, -0.217703][-0.629246, 0.22748, -0.743171][0.81216, -0.0975261, -0.575226]Time: 1497379885
Intersection_circle : [2.37111, 1.09664, 59.9313]Normals (RGB)[-0.201982, -0.962729, -0.179877][-0.638112, 0.234713, -0.733295][0.819925, -0.111292, -0.561549]Time: 1497379887
Intersection_circle : [2.27082, 1.18039, 60.0732]Normals (RGB)[-0.183566, -0.958832, -0.216668][-0.617959, 0.252186, -0.744667][0.758491, -0.112701, -0.641864]Time: 1497379889
Intersection_circle : [2.3272, 1.16541, 60.0159]Normals (RGB)[-0.182632, -0.96474, -0.18953][-0.640117, 0.217498, -0.736848][0.791504, -0.156594, -0.590762]Time: 1497379891
Intersection_circle : [2.43207, 0.981117, 59.9739]Normals (RGB)[-0.200342, -0.966509, -0.160383][-0.595973, 0.222414, -0.771588][0.814059, -0.0763522, -0.575742]Time: 1497379893
Intersection_circle : [2.35609, 1.01107, 60.0444]Normals (RGB)[-0.190397, -0.967499, -0.166417][-0.644508, 0.199644, -0.738073][0.804572, -0.119053, -0.581799]Time: 1497379895
Intersection_circle : [2.34868, 1.07438, 60.0175]Normals (RGB)[-0.208372, -0.96143, -0.179539][-0.611085, 0.235904, -0.755596][0.803874, -0.166043, -0.571154]Time: 1497379898
Intersection_circle : [2.53619, 1.14742, 60.0386]Normals (RGB)[-0.163284, -0.966064, -0.200145][-0.615577, 0.182992, -0.766537][0.830133, -0.068144, -0.553386]Time: 1497379900
Intersection_circle : [2.29367, 1.07078, 60.012]Normals (RGB)[-0.195049, -0.963757, -0.182009][-0.638321, 0.223553, -0.736594][0.789844, -0.129287, -0.599525]Time: 1497379902
Intersection_circle : [2.39881, 1.21744, 60.0794]Normals (RGB)[-0.188459, -0.957524, -0.218245][-0.592713, 0.238894, -0.769169][0.80053, -0.138386, -0.583096]Time: 1497379904
Intersection_circle : [2.37562, 1.02373, 59.9947]Normals (RGB)[-0.206791, -0.964417, -0.164735][-0.631339, 0.211089, -0.746225][0.796032, -0.0931996, -0.598036]Time: 1497379906
Intersection_circle : [2.28481, 1.1215, 60.1432]Normals (RGB)[-0.197494, -0.962053, -0.188281][-0.599791, 0.238566, -0.763766][0.757079, -0.134844, -0.639256]Time: 1497379908
Intersection_circle : [2.36797, 1.14213, 59.9449]Normals (RGB)[-0.175967, -0.965737, -0.190758][-0.635243, 0.228471, -0.737745][0.814906, -0.109631, -0.56913]Time: 1497379911
Intersection_circle : [2.27668, 1.16352, 60.0883]Normals (RGB)[-0.180032, -0.96358, -0.19774][-0.655523, 0.202783, -0.727439][0.782514, -0.167226, -0.599756]Time: 1497379913
Intersection_circle : [2.50677, 1.25382, 60.1143]Normals (RGB)[-0.173457, -0.957845, -0.229009][-0.615345, 0.188319, -0.765433][0.818624, -0.118212, -0.562033]Time: 1497379915
Intersection_circle : [2.43199, 1.27881, 59.8846]Normals (RGB)[-0.190912, -0.957193, -0.217564][-0.636831, 0.26657, -0.723455][0.822139, -0.0834293, -0.563141]Time: 1497379917
Intersection_circle : [2.38331, 1.12342, 59.9436]Normals (RGB)[-0.189821, -0.963561, -0.188463][-0.645586, 0.218579, -0.731739][0.814584, -0.0849291, -0.573794]Time: 1497379919
Intersection_circle : [2.38949, 1.04781, 59.9389]Normals (RGB)[-0.204382, -0.96377, -0.171392][-0.640535, 0.221979, -0.735147][0.806683, -0.0879676, -0.5844]Time: 1497379921
Intersection_circle : [2.52145, 1.09229, 60.0375]Normals (RGB)[-0.211196, -0.957302, -0.197408][-0.609961, 0.19464, -0.768156][0.836809, -0.0611079, -0.544075]Time: 1497379923
Intersection_circle : [2.52438, 1.04196, 60.0483]Normals (RGB)[-0.215118, -0.959361, -0.182624][-0.595833, 0.215832, -0.773563][0.834756, -0.0885406, -0.543454]Time: 1497379926
Intersection_circle : [2.40497, 1.19636, 60.1289]Normals (RGB)[-0.206395, -0.950523, -0.232179][-0.611173, 0.215645, -0.761554][0.813661, -0.142231, -0.563673]Time: 1497379928
Intersection_circle : [2.28739, 0.980221, 60.1454]Normals (RGB)[-0.19715, -0.967004, -0.161352][-0.616132, 0.211828, -0.758624][0.784032, -0.165934, -0.59813]Time: 1497379930
Intersection_circle : [2.26527, 1.09257, 60.1997]Normals (RGB)[-0.180828, -0.965766, -0.186002][-0.609268, 0.214099, -0.763514][0.772235, -0.174073, -0.611025]Time: 1497379932
Intersection_circle : [2.36327, 1.11072, 60.0181]Normals (RGB)[-0.197718, -0.961428, -0.191217][-0.644617, 0.207964, -0.735676][0.803268, -0.103623, -0.586534]Time: 1497379934
Intersection_circle : [2.27671, 1.07, 60.0565]Normals (RGB)[-0.202835, -0.962057, -0.182493][-0.64061, 0.210409, -0.738476][0.777274, -0.107126, -0.619975]Time: 1497379936
Intersection_circle : [2.2855, 1.04196, 60.0097]Normals (RGB)[-0.20824, -0.964191, -0.164232][-0.606926, 0.255507, -0.752567][0.79437, -0.128484, -0.593691]Time: 1497379939
Intersection_circle : [2.25078, 1.10513, 60.2095]Normals (RGB)[-0.164982, -0.967338, -0.192455][-0.629578, 0.187735, -0.753915][0.758429, -0.130466, -0.638564]Time: 1497379941
Intersection_circle : [2.41602, 1.22155, 59.8487]Normals (RGB)[-0.167564, -0.963318, -0.209623][-0.639179, 0.251691, -0.726706][0.833735, -0.0911153, -0.544596]Time: 1497379943
Intersection_circle : [2.42958, 1.13238, 59.9489]Normals (RGB)[-0.181685, -0.964955, -0.189348][-0.628005, 0.220347, -0.746363][0.819737, -0.131708, -0.557391]Time: 1497379945
Intersection_circle : [2.43097, 1.09855, 59.8994]Normals (RGB)[-0.175419, -0.966521, -0.187256][-0.612045, 0.243201, -0.752498][0.832872, -0.0682385, -0.549243]Time: 1497379947
Intersection_circle : [2.32736, 1.20391, 60.078]Normals (RGB)[-0.210291, -0.950931, -0.226953][-0.587018, 0.241151, -0.772824][0.782221, -0.16918, -0.59959]Time: 1497379949
Intersection_circle : [2.41015, 1.13301, 60.016]Normals (RGB)[-0.206284, -0.957704, -0.200625][-0.626661, 0.212051, -0.749887][0.807214, -0.101644, -0.581441]Time: 1497379952
Intersection_circle : [2.42253, 1.19062, 59.8249]Normals (RGB)[-0.177311, -0.964129, -0.197525][-0.644056, 0.253716, -0.721678][0.830882, -0.104431, -0.546561]Time: 1497379954
Intersection_circle : [2.49431, 1.0822, 60.0137]Normals (RGB)[-0.215916, -0.958698, -0.185143][-0.62782, 0.191872, -0.754339][0.820794, -0.0736759, -0.566453]Time: 1497379956
Intersection_circle : [2.33357, 1.24778, 60.1088]Normals (RGB)[-0.19503, -0.954439, -0.225854][-0.6382, 0.210539, -0.740523][0.783514, -0.151107, -0.602721]Time: 1497379958
Intersection_circle : [2.38436, 1.14819, 59.9544]Normals (RGB)[-0.163621, -0.96776, -0.19149][-0.646637, 0.218812, -0.730741][0.801599, -0.123864, -0.584891]Time: 1497379960
Intersection_circle : [2.55071, 1.09226, 59.9069]Normals (RGB)[-0.196679, -0.961826, -0.190285][-0.601892, 0.226948, -0.765651][0.842486, -0.0520569, -0.536197]Time: 1497379962
Intersection_circle : [2.40182, 1.13982, 59.9743]Normals (RGB)[-0.189482, -0.963943, -0.186844][-0.626292, 0.221798, -0.747371][0.797846, -0.10219, -0.594136]Time: 1497379965
Intersection_circle : [2.44656, 1.16467, 59.995]Normals (RGB)[-0.192656, -0.957883, -0.212943][-0.62672, 0.2146, -0.749112][0.817862, -0.136319, -0.559033]Time: 1497379967
Intersection_circle : [2.27866, 1.15416, 60.2558]Normals (RGB)[-0.196302, -0.959122, -0.203838][-0.597712, 0.21206, -0.773157][0.744102, -0.186191, -0.641595]Time: 1497379969
Intersection_circle : [2.41443, 1.07177, 60.0973]Normals (RGB)[-0.171165, -0.967754, -0.184809][-0.655025, 0.173457, -0.735429][0.803984, -0.139833, -0.577977]Time: 1497379971
Intersection_circle : [2.32867, 1.13142, 60.0499]Normals (RGB)[-0.192739, -0.963146, -0.187622][-0.611238, 0.236968, -0.755139][0.794566, -0.146875, -0.589146]Time: 1497379973
Intersection_circle : [2.38263, 0.908327, 59.9944]Normals (RGB)[-0.210327, -0.967929, -0.137387][-0.632131, 0.205899, -0.747004][0.812464, -0.11916, -0.570703]Time: 1497379975
Intersection_circle : [2.34351, 1.06913, 59.993]Normals (RGB)[-0.194608, -0.964633, -0.177794][-0.615791, 0.241499, -0.749986][0.806687, -0.150607, -0.571466]Time: 1497379977
Intersection_circle : [2.40121, 1.13901, 59.9696]Normals (RGB)[-0.181519, -0.965415, -0.18715][-0.63669, 0.202792, -0.743977][0.821145, -0.0954845, -0.562676]Time: 1497379980
Intersection_circle : [2.36765, 1.05245, 59.9426]Normals (RGB)[-0.205162, -0.964609, -0.165646][-0.620218, 0.244266, -0.745428][0.80762, -0.103254, -0.580593]Time: 1497379982
Intersection_circle : [2.38503, 1.12667, 60.006]Normals (RGB)[-0.200985, -0.958906, -0.20026][-0.612475, 0.236111, -0.754405][0.801495, -0.0891035, -0.591326]Time: 1497379984
Intersection_circle : [2.49642, 1.03608, 60.0136]Normals (RGB)[-0.172912, -0.968955, -0.176712][-0.610129, 0.195098, -0.767906][0.822516, -0.0493664, -0.566595]Time: 1497379986
Intersection_circle : [2.41986, 1.09875, 59.9536]Normals (RGB)[-0.173158, -0.967639, -0.18355][-0.616521, 0.241007, -0.749545][0.814671, -0.113429, -0.568723]Time: 1497379988
Intersection_circle : [2.35974, 1.19601, 59.8493]Normals (RGB)[-0.199347, -0.956207, -0.214308][-0.639126, 0.253375, -0.726168][0.812582, -0.122241, -0.569883]Time: 1497379990
Intersection_circle : [2.38981, 1.11101, 60.0981]Normals (RGB)[-0.172455, -0.966294, -0.191142][-0.627306, 0.195145, -0.753927][0.794577, -0.12153, -0.594876]Time: 1497379993
Intersection_circle : [2.3856, 1.1307, 59.9665]Normals (RGB)[-0.217041, -0.955854, -0.198084][-0.655164, 0.202683, -0.727791][0.805304, -0.0535647, -0.590437]Time: 1497379995
Intersection_circle : [2.36257, 1.10304, 60.0259]Normals (RGB)[-0.172153, -0.967888, -0.183185][-0.625648, 0.211728, -0.750823][0.804147, -0.122522, -0.581666]Time: 1497379997
Intersection_circle : [2.34646, 1.07765, 60.0736]Normals (RGB)[-0.16606, -0.969055, -0.182637][-0.642081, 0.195819, -0.741206][0.794618, -0.126674, -0.593747]Time: 1497379999
Intersection_circle : [2.51135, 1.25928, 60.0632]Normals (RGB)[-0.163104, -0.960031, -0.227457][-0.590584, 0.217981, -0.776978][0.809627, -0.100151, -0.578337]Time: 1497380001
Intersection_circle : [2.24215, 1.04295, 60.078]Normals (RGB)[-0.190475, -0.966801, -0.17034][-0.642625, 0.218869, -0.734254][0.772506, -0.119406, -0.62368]Time: 1497380003
Intersection_circle : [2.3758, 1.22384, 60.0733]Normals (RGB)[-0.176368, -0.956729, -0.231441][-0.608732, 0.227437, -0.760078][0.791491, -0.115849, -0.600101]Time: 1497380006
Intersection_circle : [2.36788, 1.12796, 59.9199]Normals (RGB)[-0.217026, -0.953638, -0.208506][-0.615775, 0.234235, -0.7523][0.799076, -0.0561973, -0.598598]Time: 1497380008
Intersection_circle : [2.35459, 1.17779, 59.9529]Normals (RGB)[-0.200261, -0.954163, -0.222415][-0.615569, 0.227239, -0.75461][0.794903, -0.110539, -0.596582]Time: 1497380010
Intersection_circle : [2.48644, 1.1823, 59.8713]Normals (RGB)[-0.1923, -0.957736, -0.213923][-0.632102, 0.21875, -0.743368][0.828167, -0.0981425, -0.551822]Time: 1497380012
Intersection_circle : [2.36084, 1.08044, 60.0025]Normals (RGB)[-0.184139, -0.964127, -0.191184][-0.633402, 0.191921, -0.749646][0.789077, -0.124009, -0.601647]Time: 1497380014
Intersection_circle : [2.37095, 1.23203, 59.9972]Normals (RGB)[-0.176003, -0.959046, -0.221932][-0.612367, 0.237318, -0.754113][0.787108, -0.132716, -0.602368]Time: 1497380016
Intersection_circle : [2.43646, 1.09171, 59.8981]Normals (RGB)[-0.191628, -0.961526, -0.196843][-0.619613, 0.228696, -0.750851][0.805988, -0.0696334, -0.587821]Time: 1497380019
Intersection_circle : [2.41097, 1.09672, 59.9785]Normals (RGB)[-0.194099, -0.961892, -0.192588][-0.607393, 0.214545, -0.764882][0.805277, -0.130118, -0.578445]Time: 1497380021
Intersection_circle : [2.42862, 1.1285, 60.0125]Normals (RGB)[-0.160068, -0.967005, -0.198189][-0.608731, 0.203737, -0.766771][0.806335, -0.119336, -0.579295]Time: 1497380023
Intersection_circle : [2.48482, 1.244, 60.0528]Normals (RGB)[-0.177546, -0.958074, -0.224881][-0.586075, 0.230077, -0.776905][0.804504, -0.10197, -0.585128]Time: 1497380025
Intersection_circle : [2.4463, 1.30862, 60.0053]Normals (RGB)[-0.159423, -0.957851, -0.238969][-0.630298, 0.220338, -0.74443][0.819512, -0.16516, -0.548746]Time: 1497380027
Intersection_circle : [2.31714, 1.15089, 60.0905]Normals (RGB)[-0.226817, -0.953315, -0.199362][-0.61858, 0.2168, -0.75522][0.784274, -0.124933, -0.607705]Time: 1497380029
Intersection_circle : [2.37806, 1.09008, 60.146]Normals (RGB)[-0.201638, -0.960831, -0.190122][-0.585607, 0.217418, -0.780893][0.790707, -0.123432, -0.599622]Time: 1497380031
Intersection_circle : [2.33908, 1.08531, 60.1231]Normals (RGB)[-0.174999, -0.967905, -0.180375][-0.624725, 0.204376, -0.753624][0.776222, -0.12014, -0.618907]Time: 1497380034
Intersection_circle : [2.37864, 1.24647, 59.9936]Normals (RGB)[-0.185308, -0.958411, -0.217046][-0.641844, 0.221288, -0.734212][0.800864, -0.122873, -0.586105]Time: 1497380036
Intersection_circle : [2.32273, 1.28067, 60.1399]Normals (RGB)[-0.162519, -0.958416, -0.234575][-0.621309, 0.208517, -0.755311][0.774872, -0.152123, -0.61354]Time: 1497380038
Intersection_circle : [2.3858, 1.12377, 60.0782]Normals (RGB)[-0.178591, -0.964835, -0.192869][-0.60505, 0.212658, -0.767262][0.797056, -0.0997977, -0.595603]Time: 1497380040
Intersection_circle : [2.36143, 1.19333, 59.9605]Normals (RGB)[-0.179971, -0.958943, -0.219176][-0.645719, 0.219007, -0.731494][0.798207, -0.140845, -0.585687]Time: 1497380042
Intersection_circle : [2.28721, 0.971646, 60.1194]Normals (RGB)[-0.195128, -0.967906, -0.158374][-0.590084, 0.225046, -0.775342][0.765997, -0.124792, -0.630615]Time: 1497380044
Intersection_circle : [2.41939, 1.10442, 60.0319]Normals (RGB)[-0.199027, -0.96043, -0.194839][-0.622043, 0.204636, -0.755769][0.798449, -0.108424, -0.592219]Time: 1497380047
Intersection_circle : [2.48902, 1.17855, 59.95]Normals (RGB)[-0.170273, -0.963225, -0.207859][-0.619534, 0.21633, -0.754572][0.826623, -0.0459692, -0.560875]Time: 1497380049
Intersection_circle : [2.32863, 0.973633, 60.1184]Normals (RGB)[-0.17452, -0.972947, -0.151382][-0.620569, 0.200894, -0.757982][0.77257, -0.16002, -0.614435]Time: 1497380051
Intersection_circle : [2.45238, 1.16719, 59.9568]Normals (RGB)[-0.189986, -0.961774, -0.19722][-0.632122, 0.210358, -0.745769][0.816804, -0.08812, -0.570145]Time: 1497380053
Intersection_circle : [2.40071, 1.08428, 60.0054]Normals (RGB)[-0.202336, -0.961121, -0.1879][-0.629802, 0.217292, -0.745744][0.805119, -0.0702065, -0.588944]Time: 1497380055
Intersection_circle : [2.42494, 1.05189, 59.995]Normals (RGB)[-0.208777, -0.96095, -0.181624][-0.613367, 0.217211, -0.759342][0.809087, -0.106683, -0.577924]Time: 1497380057
Intersection_circle : [2.41833, 1.13525, 60.0505]Normals (RGB)[-0.195897, -0.960782, -0.196274][-0.618793, 0.207277, -0.757714][0.79505, -0.102736, -0.59778]Time: 1497380060
Intersection_circle : [2.39245, 1.17168, 59.8621]Normals (RGB)[-0.171316, -0.965182, -0.197676][-0.651681, 0.234079, -0.72147][0.838414, -0.0850121, -0.538363]Time: 1497380062
Intersection_circle : [2.44913, 1.16875, 59.9721]Normals (RGB)[-0.171443, -0.964393, -0.20138][-0.623964, 0.216143, -0.750966][0.808996, -0.0683651, -0.583825]Time: 1497380064
Intersection_circle : [2.3734, 1.08975, 59.9468]Normals (RGB)[-0.222166, -0.955345, -0.194827][-0.619271, 0.241943, -0.746972][0.801, -0.10505, -0.589376]Time: 1497380066
Intersection_circle : [2.42061, 0.985591, 60.0471]Normals (RGB)[-0.208027, -0.96411, -0.164974][-0.591401, 0.228989, -0.773181][0.795752, -0.0945284, -0.5982]Time: 1497380068
Intersection_circle : [2.38607, 1.23856, 60.0515]Normals (RGB)[-0.18363, -0.955632, -0.230319][-0.631619, 0.19805, -0.749556][0.791932, -0.124008, -0.597884]Time: 1497380070
Intersection_circle : [2.39555, 1.15692, 59.9367]Normals (RGB)[-0.187123, -0.960302, -0.206892][-0.618742, 0.248198, -0.745357][0.80981, -0.0903785, -0.579689]Time: 1497380073
Intersection_circle : [2.50766, 1.10703, 59.8912]Normals (RGB)[-0.202045, -0.960278, -0.19247][-0.635393, 0.211537, -0.742649][0.848595, -0.0833908, -0.52243]Time: 1497380075
Intersection_circle : [2.53272, 1.0516, 59.8835]Normals (RGB)[-0.184054, -0.966569, -0.178517][-0.626322, 0.210906, -0.750493][0.832149, -0.0444826, -0.552765]Time: 1497380077
Intersection_circle : [2.30614, 1.08857, 60.0404]Normals (RGB)[-0.190327, -0.964329, -0.183972][-0.615688, 0.227766, -0.754354][0.770034, -0.121405, -0.626345]Time: 1497380079
Intersection_circle : [2.49451, 1.25057, 60.12]Normals (RGB)[-0.170012, -0.95805, -0.230729][-0.612248, 0.193554, -0.766609][0.807522, -0.112609, -0.578988]Time: 1497380081
Intersection_circle : [2.50464, 1.08508, 60.0396]Normals (RGB)[-0.177124, -0.966057, -0.188045][-0.58633, 0.216984, -0.780471][0.815594, -0.0977533, -0.570308]Time: 1497380083
Intersection_circle : [2.42479, 1.00972, 60.0501]Normals (RGB)[-0.183436, -0.967979, -0.171372][-0.621563, 0.190482, -0.759853][0.81007, -0.126808, -0.572457]Time: 1497380085
Intersection_circle : [2.38589, 1.02719, 59.9633]Normals (RGB)[-0.221873, -0.959792, -0.171967][-0.60108, 0.240122, -0.762263][0.817685, -0.126792, -0.561529]Time: 1497380088
Intersection_circle : [2.43455, 1.1119, 60.212]Normals (RGB)[-0.182182, -0.958656, -0.218605][-0.602232, 0.183557, -0.776932][0.796838, -0.118451, -0.592468]Time: 1497380090
Intersection_circle : [2.24583, 1.08209, 60.1485]Normals (RGB)[-0.184712, -0.965239, -0.184921][-0.601095, 0.230821, -0.765119][0.775554, -0.154209, -0.612157]Time: 1497380092
Intersection_circle : [2.40754, 1.21313, 60.0334]Normals (RGB)[-0.178514, -0.960748, -0.212359][-0.60791, 0.231335, -0.759559][0.807994, -0.144474, -0.571204]Time: 1497380094
Intersection_circle : [2.41363, 1.05844, 59.9882]Normals (RGB)[-0.186649, -0.966656, -0.175323][-0.624484, 0.214723, -0.750942][0.827767, -0.120138, -0.548059]Time: 1497380096
Intersection_circle : [2.30902, 1.15442, 59.8488]Normals (RGB)[-0.224249, -0.955411, -0.192102][-0.640016, 0.256293, -0.724357][0.798847, -0.0942157, -0.594109]Time: 1497380098
Intersection_circle : [2.33, 1.09878, 59.9748]Normals (RGB)[-0.209477, -0.958857, -0.191606][-0.640926, 0.219205, -0.735638][0.787361, -0.106703, -0.607188]Time: 1497380101
Intersection_circle : [2.38817, 1.07165, 60.052]Normals (RGB)[-0.191566, -0.963629, -0.186337][-0.631213, 0.193942, -0.75097][0.800626, -0.110369, -0.588911]Time: 1497380103
Intersection_circle : [2.38551, 1.04148, 59.8913]Normals (RGB)[-0.210234, -0.962642, -0.170654][-0.620404, 0.241008, -0.746333][0.828261, -0.103392, -0.550721]Time: 1497380105
Intersection_circle : [2.46822, 1.02501, 59.9848]Normals (RGB)[-0.163275, -0.973151, -0.162227][-0.601949, 0.218824, -0.767967][0.813675, -0.069217, -0.577184]Time: 1497380107
Intersection_circle : [2.48185, 1.19386, 60.0241]Normals (RGB)[-0.238675, -0.947635, -0.212182][-0.601166, 0.221949, -0.767683][0.81525, -0.0495331, -0.576986]Time: 1497380109
Intersection_circle : [2.47188, 1.09699, 59.8996]Normals (RGB)[-0.209202, -0.958305, -0.194645][-0.620937, 0.229183, -0.749608][0.82302, -0.102555, -0.558678]Time: 1497380111
Intersection_circle : [2.31266, 1.16825, 59.9722]Normals (RGB)[-0.185531, -0.960965, -0.205241][-0.60847, 0.258067, -0.750444][0.791178, -0.137614, -0.595903]Time: 1497380114
Intersection_circle : [2.47226, 1.06137, 59.9696]Normals (RGB)[-0.206379, -0.959639, -0.19105][-0.63176, 0.194157, -0.750454][0.821632, -0.0945386, -0.562124]Time: 1497380116
Intersection_circle : [2.34742, 1.12247, 59.9914]Normals (RGB)[-0.176214, -0.963701, -0.200573][-0.603673, 0.236389, -0.76138][0.795858, -0.137959, -0.589557]Time: 1497380118
Intersection_circle : [2.2603, 1.00402, 59.992]Normals (RGB)[-0.210283, -0.964261, -0.161192][-0.652118, 0.2013, -0.730904][0.781246, -0.13301, -0.609888]Time: 1497380120
Intersection_circle : [2.27731, 1.12604, 59.9793]Normals (RGB)[-0.202404, -0.960904, -0.188935][-0.635238, 0.227766, -0.737967][0.787369, -0.129203, -0.602791]Time: 1497380122
Intersection_circle : [2.50699, 1.21021, 59.9333]Normals (RGB)[-0.180986, -0.958688, -0.219456][-0.601591, 0.231786, -0.764436][0.822077, -0.0690268, -0.565177]Time: 1497380124
Intersection_circle : [2.39777, 1.27493, 59.9105]Normals (RGB)[-0.206892, -0.952182, -0.224824][-0.622326, 0.254851, -0.740109][0.800277, -0.120398, -0.58742]Time: 1497380127
Intersection_circle : [2.4729, 1.04752, 59.9157]Normals (RGB)[-0.17751, -0.967478, -0.180215][-0.642905, 0.188165, -0.742474][0.815851, -0.0730874, -0.573625]Time: 1497380129
