Intersection_circle : [2.37314, 1.1128, 60.1062]Normals (RGB)[-0.193861, -0.960789, -0.198249][-0.627189, 0.202499, -0.752083][0.804321, -0.170762, -0.56913]Time: 1497380182
Intersection_circle : [2.319, 1.08052, 60.1016]Normals (RGB)[-0.205748, -0.960937, -0.185115][-0.608778, 0.235175, -0.757683][0.793501, -0.118489, -0.596922]Time: 1497380189
Intersection_circle : [2.43212, 1.13851, 60.067]Normals (RGB)[-0.209038, -0.954835, -0.211173][-0.608402, 0.213039, -0.764501][0.79177, -0.0743007, -0.606283]Time: 1497380195
Intersection_circle : [2.29693, 1.07613, 60.1125]Normals (RGB)[-0.218874, -0.959276, -0.17856][-0.614678, 0.235238, -0.752883][0.793097, -0.128531, -0.59538]Time: 1497380201
Intersection_circle : [2.50416, 1.17537, 60.015]Normals (RGB)[-0.171463, -0.963075, -0.207575][-0.630015, 0.194152, -0.751922][0.826717, -0.0765718, -0.557383]Time: 1497380208
Intersection_circle : [2.35822, 1.10035, 59.9747]Normals (RGB)[-0.185923, -0.964893, -0.18551][-0.612606, 0.2709, -0.742514][0.807796, -0.120242, -0.577068]Time: 1497380214
Intersection_circle : [2.37966, 0.968969, 60.0948]Normals (RGB)[-0.201139, -0.967642, -0.152353][-0.610196, 0.210877, -0.76367][0.812178, -0.148896, -0.564089]Time: 1497380220
Intersection_circle : [2.40865, 1.14486, 60.0823]Normals (RGB)[-0.196214, -0.957814, -0.209981][-0.608396, 0.223804, -0.761424][0.798795, -0.124633, -0.588551]Time: 1497380227
Intersection_circle : [2.30308, 1.12106, 60.1552]Normals (RGB)[-0.173013, -0.963532, -0.204137][-0.588397, 0.230149, -0.775126][0.772101, -0.137821, -0.620375]Time: 1497380233
Intersection_circle : [2.31977, 1.152, 60.0466]Normals (RGB)[-0.205404, -0.95627, -0.208223][-0.616039, 0.237549, -0.751044][0.780373, -0.103979, -0.616609]Time: 1497380240
Intersection_circle : [2.37131, 1.19985, 60.1029]Normals (RGB)[-0.168213, -0.960997, -0.219521][-0.606334, 0.22401, -0.763006][0.795051, -0.0910414, -0.599671]Time: 1497380246
Intersection_circle : [2.27843, 1.00178, 60.2244]Normals (RGB)[-0.227043, -0.959429, -0.167176][-0.588558, 0.234053, -0.773833][0.764451, -0.132664, -0.630884]Time: 1497380252
Intersection_circle : [2.3652, 1.04389, 60.0881]Normals (RGB)[-0.170507, -0.969813, -0.174327][-0.60804, 0.221053, -0.762511][0.799212, -0.158898, -0.579665]Time: 1497380259
Intersection_circle : [2.23307, 1.02765, 60.1482]Normals (RGB)[-0.184067, -0.969078, -0.16434][-0.619633, 0.237255, -0.748174][0.758196, -0.147136, -0.635208]Time: 1497380265
Intersection_circle : [2.4912, 1.06403, 60.0071]Normals (RGB)[-0.220627, -0.958449, -0.180827][-0.614555, 0.215735, -0.758802][0.839771, -0.119553, -0.529615]Time: 1497380272
Intersection_circle : [2.47739, 1.03863, 60.0386]Normals (RGB)[-0.174625, -0.968773, -0.176025][-0.616875, 0.202227, -0.760638][0.826388, -0.115534, -0.551122]Time: 1497380278
Intersection_circle : [2.39394, 1.04273, 60.0755]Normals (RGB)[-0.209574, -0.961726, -0.176529][-0.615816, 0.213952, -0.758284][0.808467, -0.103536, -0.579362]Time: 1497380284
Intersection_circle : [2.51938, 1.16055, 59.964]Normals (RGB)[-0.200569, -0.95507, -0.218204][-0.637843, 0.199305, -0.743931][0.834443, -0.0852742, -0.544457]Time: 1497380291
Intersection_circle : [2.36068, 1.08046, 60.0385]Normals (RGB)[-0.197554, -0.96172, -0.189912][-0.613784, 0.23877, -0.752501][0.803653, -0.0913532, -0.588045]Time: 1497380297
Intersection_circle : [2.29921, 1.01102, 60.0439]Normals (RGB)[-0.164475, -0.974733, -0.15114][-0.640961, 0.215236, -0.736779][0.784655, -0.088137, -0.613636]Time: 1497380303
Intersection_circle : [2.48922, 1.2839, 60.2023]Normals (RGB)[-0.147435, -0.958083, -0.245642][-0.592365, 0.205429, -0.779039][0.801781, -0.0948602, -0.590042]Time: 1497380310
Intersection_circle : [2.41511, 1.22674, 60.1405]Normals (RGB)[-0.210254, -0.948196, -0.238154][-0.633545, 0.207839, -0.745268][0.785569, -0.0925164, -0.611819]Time: 1497380316
Intersection_circle : [2.35597, 1.01067, 60.052]Normals (RGB)[-0.222541, -0.961247, -0.162728][-0.603696, 0.241799, -0.759661][0.805709, -0.130481, -0.577762]Time: 1497380323
Intersection_circle : [2.36805, 1.2366, 59.9863]Normals (RGB)[-0.158906, -0.964174, -0.212408][-0.629015, 0.245819, -0.737505][0.798995, -0.0721527, -0.596993]Time: 1497380329
Intersection_circle : [2.37177, 1.09231, 60.0031]Normals (RGB)[-0.207445, -0.960395, -0.186031][-0.638707, 0.228424, -0.734763][0.81321, -0.139688, -0.564957]Time: 1497380335
Intersection_circle : [2.42784, 1.09386, 60.0402]Normals (RGB)[-0.19144, -0.962015, -0.194621][-0.612406, 0.228591, -0.756773][0.808242, -0.0953376, -0.581081]Time: 1497380342
Intersection_circle : [2.32313, 1.09823, 60.047]Normals (RGB)[-0.195861, -0.962523, -0.187585][-0.635122, 0.255832, -0.728815][0.795958, -0.123096, -0.592703]Time: 1497380348
Intersection_circle : [2.37845, 1.32926, 60.0302]Normals (RGB)[-0.151596, -0.958268, -0.242367][-0.624782, 0.251882, -0.739056][0.800767, -0.0951733, -0.591367]Time: 1497380354
Intersection_circle : [2.35764, 1.14775, 60.1117]Normals (RGB)[-0.167933, -0.965838, -0.197371][-0.624463, 0.215947, -0.750608][0.777822, -0.115738, -0.617736]Time: 1497380361
Intersection_circle : [2.38026, 1.12811, 59.9766]Normals (RGB)[-0.23132, -0.953684, -0.192298][-0.634669, 0.241556, -0.734061][0.809024, -0.0552269, -0.585176]Time: 1497380367
Intersection_circle : [2.37945, 1.12495, 60.0247]Normals (RGB)[-0.187677, -0.963497, -0.19092][-0.641062, 0.219381, -0.735467][0.805895, -0.117243, -0.580334]Time: 1497380374
Intersection_circle : [2.38229, 1.10273, 60.1159]Normals (RGB)[-0.179803, -0.964745, -0.192191][-0.617986, 0.212905, -0.756812][0.802429, -0.137936, -0.580588]Time: 1497380380
Intersection_circle : [2.37019, 1.08634, 60.0275]Normals (RGB)[-0.214813, -0.957146, -0.194235][-0.61702, 0.262466, -0.741888][0.808774, -0.107376, -0.578235]Time: 1497380386
Intersection_circle : [2.35485, 1.16641, 60.0611]Normals (RGB)[-0.208729, -0.958336, -0.194998][-0.612311, 0.249067, -0.75036][0.790171, -0.127225, -0.599536]Time: 1497380393
Intersection_circle : [2.38182, 1.2563, 60.0206]Normals (RGB)[-0.201561, -0.951677, -0.2317][-0.629146, 0.249784, -0.736059][0.792708, -0.118823, -0.597909]Time: 1497380399
Intersection_circle : [2.41283, 0.937771, 60.0659]Normals (RGB)[-0.210843, -0.966227, -0.14816][-0.61362, 0.212795, -0.760387][0.815709, -0.0994018, -0.569858]Time: 1497380406
Intersection_circle : [2.43814, 1.15839, 60.0684]Normals (RGB)[-0.197122, -0.955137, -0.221034][-0.638529, 0.217695, -0.738166][0.814261, -0.120548, -0.567845]Time: 1497380412
Intersection_circle : [2.32987, 1.10783, 60.1056]Normals (RGB)[-0.174932, -0.965687, -0.191957][-0.638285, 0.204328, -0.742187][0.788392, -0.1081, -0.605601]Time: 1497380418
Intersection_circle : [2.43803, 1.0522, 59.9769]Normals (RGB)[-0.209814, -0.961868, -0.175467][-0.627935, 0.222665, -0.745733][0.812923, -0.08165, -0.57662]Time: 1497380425
Intersection_circle : [2.36947, 1.14901, 60.0895]Normals (RGB)[-0.17658, -0.963441, -0.201496][-0.629018, 0.224844, -0.744165][0.786579, -0.111121, -0.607409]Time: 1497380431
Intersection_circle : [2.42936, 1.1756, 60.0058]Normals (RGB)[-0.159418, -0.965926, -0.203896][-0.61741, 0.23608, -0.75038][0.805411, -0.0689986, -0.588687]Time: 1497380437
Intersection_circle : [2.35224, 1.10598, 60.1037]Normals (RGB)[-0.178762, -0.964916, -0.192306][-0.600335, 0.240796, -0.762637][0.798021, -0.149075, -0.583899]Time: 1497380444
Intersection_circle : [2.39084, 1.0111, 60.0218]Normals (RGB)[-0.245461, -0.956645, -0.156778][-0.606064, 0.235161, -0.759859][0.808778, -0.0963837, -0.580163]Time: 1497380450
Intersection_circle : [2.25971, 1.02503, 60.0455]Normals (RGB)[-0.189817, -0.967326, -0.16808][-0.634757, 0.241539, -0.733991][0.790053, -0.150578, -0.594258]Time: 1497380457
Intersection_circle : [2.43439, 1.2044, 59.997]Normals (RGB)[-0.170588, -0.959668, -0.223464][-0.629141, 0.218108, -0.746064][0.824189, -0.107986, -0.555924]Time: 1497380463
Intersection_circle : [2.31165, 1.09152, 59.9717]Normals (RGB)[-0.235054, -0.955695, -0.177193][-0.646508, 0.237946, -0.724851][0.809878, -0.135017, -0.570849]Time: 1497380469
Intersection_circle : [2.36543, 1.14112, 60.0395]Normals (RGB)[-0.173791, -0.965415, -0.194345][-0.632701, 0.2339, -0.738228][0.80141, -0.120078, -0.585938]Time: 1497380476
Intersection_circle : [2.42468, 1.10513, 60.0001]Normals (RGB)[-0.180426, -0.965251, -0.189044][-0.621386, 0.221926, -0.751418][0.817194, -0.0945009, -0.568563]Time: 1497380482
Intersection_circle : [2.41926, 1.16068, 60.0261]Normals (RGB)[-0.208346, -0.95533, -0.209611][-0.62554, 0.237002, -0.743323][0.803162, -0.0735287, -0.591207]Time: 1497380488
Intersection_circle : [2.35035, 1.04595, 59.9463]Normals (RGB)[-0.203702, -0.963399, -0.174266][-0.625666, 0.237086, -0.743191][0.821901, -0.134622, -0.553495]Time: 1497380495
Intersection_circle : [2.34319, 1.17302, 60.1369]Normals (RGB)[-0.195818, -0.95653, -0.216116][-0.605486, 0.232449, -0.761153][0.784138, -0.161566, -0.599186]Time: 1497380501
Intersection_circle : [2.26153, 1.19919, 60.1404]Normals (RGB)[-0.172362, -0.961424, -0.214371][-0.636988, 0.228698, -0.736168][0.770719, -0.131097, -0.623543]Time: 1497380508
Intersection_circle : [2.2895, 1.18385, 60.0204]Normals (RGB)[-0.212908, -0.954205, -0.21015][-0.651271, 0.253011, -0.715424][0.779005, -0.0827443, -0.621534]Time: 1497380514
Intersection_circle : [2.35872, 1.1085, 60.1762]Normals (RGB)[-0.208534, -0.956487, -0.204076][-0.628685, 0.188709, -0.754416][0.778403, -0.119504, -0.616286]Time: 1497380520
Intersection_circle : [2.34838, 1.1299, 60.0662]Normals (RGB)[-0.210163, -0.956515, -0.202264][-0.628849, 0.213566, -0.747622][0.800764, -0.104187, -0.589849]Time: 1497380527
Intersection_circle : [2.35748, 0.97347, 60.0785]Normals (RGB)[-0.19471, -0.968198, -0.157099][-0.625056, 0.215168, -0.750338][0.806286, -0.122639, -0.578673]Time: 1497380533
Intersection_circle : [2.49767, 1.22854, 60.1048]Normals (RGB)[-0.163695, -0.961602, -0.220283][-0.604636, 0.2092, -0.768538][0.813031, -0.106988, -0.572307]Time: 1497380539
Intersection_circle : [2.39115, 1.15917, 59.9558]Normals (RGB)[-0.161433, -0.967009, -0.197061][-0.630419, 0.257301, -0.732372][0.810762, -0.0897072, -0.578461]Time: 1497380546
Intersection_circle : [2.3954, 1.02568, 60.0557]Normals (RGB)[-0.178957, -0.96859, -0.17265][-0.645909, 0.19591, -0.737849][0.807401, -0.0690503, -0.585949]Time: 1497380552
Intersection_circle : [2.49184, 1.15183, 60.0052]Normals (RGB)[-0.192393, -0.959372, -0.206375][-0.636836, 0.210345, -0.741751][0.844913, -0.122448, -0.5207]Time: 1497380559
Intersection_circle : [2.40837, 1.19914, 60.0083]Normals (RGB)[-0.180865, -0.959431, -0.216288][-0.628268, 0.232412, -0.742471][0.807058, -0.105091, -0.581045]Time: 1497380565
Intersection_circle : [2.40303, 1.07482, 60.135]Normals (RGB)[-0.195493, -0.963882, -0.180868][-0.631364, 0.200786, -0.749043][0.800583, -0.13425, -0.58399]Time: 1497380571
Intersection_circle : [2.42882, 1.1234, 60.0386]Normals (RGB)[-0.186538, -0.961503, -0.201782][-0.612435, 0.23898, -0.753533][0.813123, -0.127863, -0.567874]Time: 1497380578
Intersection_circle : [2.38952, 1.21252, 60.0245]Normals (RGB)[-0.191769, -0.957208, -0.216745][-0.641736, 0.240204, -0.728339][0.801933, -0.130643, -0.582955]Time: 1497380584
Intersection_circle : [2.40753, 1.03439, 59.9764]Normals (RGB)[-0.189092, -0.966493, -0.173596][-0.600853, 0.259495, -0.756067][0.813374, -0.0980278, -0.573423]Time: 1497380591
Intersection_circle : [2.41076, 1.10854, 60.1036]Normals (RGB)[-0.18399, -0.961837, -0.202528][-0.582561, 0.23216, -0.778925][0.807458, -0.15987, -0.56785]Time: 1497380597
Intersection_circle : [2.36779, 1.07265, 60.14]Normals (RGB)[-0.175329, -0.966626, -0.186801][-0.588428, 0.237056, -0.773018][0.785114, -0.12644, -0.606308]Time: 1497380603
Intersection_circle : [2.28579, 1.23544, 60.0583]Normals (RGB)[-0.201018, -0.95166, -0.232237][-0.639277, 0.255665, -0.725232][0.78787, -0.114464, -0.605111]Time: 1497380610
Intersection_circle : [2.51104, 1.23541, 59.9344]Normals (RGB)[-0.221071, -0.948078, -0.228641][-0.604077, 0.264236, -0.751845][0.832795, -0.0881448, -0.546519]Time: 1497380616
Intersection_circle : [2.52052, 1.18, 60.0843]Normals (RGB)[-0.194889, -0.952246, -0.235044][-0.611163, 0.207831, -0.763732][0.839003, -0.101386, -0.534598]Time: 1497380623
Intersection_circle : [2.50894, 1.25889, 60.0098]Normals (RGB)[-0.164553, -0.957703, -0.236068][-0.618425, 0.221853, -0.753877][0.827989, -0.0945538, -0.552714]Time: 1497380629
Intersection_circle : [2.32459, 1.08297, 60.1529]Normals (RGB)[-0.18596, -0.964267, -0.188699][-0.622514, 0.207436, -0.754617][0.789579, -0.115682, -0.602647]Time: 1497380635
Intersection_circle : [2.36699, 1.12493, 60.1096]Normals (RGB)[-0.165034, -0.967249, -0.192855][-0.626765, 0.203552, -0.752152][0.78723, -0.137906, -0.601041]Time: 1497380642
Intersection_circle : [2.44135, 1.12679, 59.9909]Normals (RGB)[-0.187967, -0.963002, -0.193123][-0.617779, 0.228434, -0.75244][0.82125, -0.099153, -0.561887]Time: 1497380648
Intersection_circle : [2.36214, 1.16055, 59.9913]Normals (RGB)[-0.182759, -0.964585, -0.190199][-0.649553, 0.232673, -0.72384][0.81527, -0.125909, -0.565228]Time: 1497380654
Intersection_circle : [2.33024, 1.12165, 60.0595]Normals (RGB)[-0.187874, -0.963018, -0.19313][-0.640765, 0.216985, -0.736436][0.790145, -0.123697, -0.600308]Time: 1497380661
Intersection_circle : [2.40893, 1.12782, 60.1785]Normals (RGB)[-0.181324, -0.962054, -0.203896][-0.606616, 0.207665, -0.767393][0.79535, -0.122058, -0.593734]Time: 1497380667
Intersection_circle : [2.4233, 1.12813, 59.9922]Normals (RGB)[-0.187057, -0.962567, -0.196147][-0.611923, 0.258131, -0.747609][0.815086, -0.101639, -0.570354]Time: 1497380674
Intersection_circle : [2.42778, 1.10897, 60.0721]Normals (RGB)[-0.188307, -0.962602, -0.194774][-0.612848, 0.209531, -0.761915][0.806263, -0.0994366, -0.58314]Time: 1497380680
Intersection_circle : [2.37213, 1.07885, 60.1692]Normals (RGB)[-0.164978, -0.96775, -0.190376][-0.598799, 0.222488, -0.769375][0.782484, -0.0982455, -0.614871]Time: 1497380686
Intersection_circle : [2.35704, 1.18666, 60.0378]Normals (RGB)[-0.211322, -0.952661, -0.218587][-0.614353, 0.254895, -0.746725][0.798531, -0.121619, -0.58954]Time: 1497380693
Intersection_circle : [2.3801, 1.10015, 60.0683]Normals (RGB)[-0.214342, -0.958431, -0.188329][-0.631378, 0.20709, -0.747312][0.809327, -0.101198, -0.578575]Time: 1497380699
Intersection_circle : [2.42485, 0.997967, 60.003]Normals (RGB)[-0.175003, -0.970621, -0.165132][-0.599875, 0.253974, -0.758714][0.816414, -0.124804, -0.56382]Time: 1497380705
Intersection_circle : [2.39766, 1.11164, 60.0588]Normals (RGB)[-0.1818, -0.962522, -0.201246][-0.621338, 0.220144, -0.751981][0.803001, -0.126235, -0.582455]Time: 1497380712
Intersection_circle : [2.33635, 1.15319, 59.9852]Normals (RGB)[-0.200249, -0.958134, -0.204644][-0.638263, 0.240177, -0.731393][0.80997, -0.150008, -0.566962]Time: 1497380718
Intersection_circle : [2.44844, 1.15462, 59.9897]Normals (RGB)[-0.210325, -0.953824, -0.214435][-0.634157, 0.229639, -0.738316][0.820947, -0.0812145, -0.5652]Time: 1497380725
Intersection_circle : [2.41353, 1.08727, 59.9629]Normals (RGB)[-0.19607, -0.964104, -0.179053][-0.618961, 0.237218, -0.748742][0.819124, -0.0810874, -0.567857]Time: 1497380731
Intersection_circle : [2.3769, 1.09764, 60.0634]Normals (RGB)[-0.169162, -0.967546, -0.187721][-0.627969, 0.210697, -0.749174][0.810438, -0.121731, -0.573038]Time: 1497380737
Intersection_circle : [2.28049, 0.996124, 60.153]Normals (RGB)[-0.185427, -0.968982, -0.163373][-0.631035, 0.212181, -0.746173][0.776828, -0.127202, -0.616731]Time: 1497380744
Intersection_circle : [2.30586, 1.16821, 60.1117]Normals (RGB)[-0.183391, -0.958986, -0.216132][-0.632652, 0.217198, -0.743355][0.792607, -0.137629, -0.593997]Time: 1497380750
Intersection_circle : [2.32041, 1.33921, 60.0073]Normals (RGB)[-0.173335, -0.953845, -0.245225][-0.647105, 0.258755, -0.717148][0.804234, -0.120265, -0.582017]Time: 1497380757
Intersection_circle : [2.37057, 1.02975, 60.0064]Normals (RGB)[-0.185672, -0.968434, -0.166318][-0.652954, 0.204815, -0.729179][0.818065, -0.103792, -0.565683]Time: 1497380763
Intersection_circle : [2.32429, 1.04825, 60.1697]Normals (RGB)[-0.189624, -0.965089, -0.180684][-0.617974, 0.215524, -0.75608][0.780827, -0.0843117, -0.619033]Time: 1497380769
Intersection_circle : [2.48455, 1.2252, 60.0583]Normals (RGB)[-0.158445, -0.963189, -0.217171][-0.60195, 0.228868, -0.765033][0.819551, -0.0891411, -0.56603]Time: 1497380776
Intersection_circle : [2.33811, 1.0453, 60.0511]Normals (RGB)[-0.217713, -0.96048, -0.173432][-0.632607, 0.23731, -0.73722][0.790577, -0.11012, -0.60238]Time: 1497380782
Intersection_circle : [2.32577, 1.09149, 60.1574]Normals (RGB)[-0.186718, -0.964433, -0.187097][-0.616835, 0.223678, -0.754641][0.767989, -0.13022, -0.627085]Time: 1497380788
Intersection_circle : [2.36927, 1.11058, 60.0451]Normals (RGB)[-0.219802, -0.955911, -0.194735][-0.634817, 0.220089, -0.740654][0.816722, -0.140106, -0.559764]Time: 1497380795
Intersection_circle : [2.37185, 1.04242, 60.0655]Normals (RGB)[-0.22955, -0.959266, -0.164667][-0.619473, 0.223571, -0.752509][0.802105, -0.101215, -0.588543]Time: 1497380801
Intersection_circle : [2.48784, 1.09212, 60.0533]Normals (RGB)[-0.203, -0.960671, -0.189478][-0.615425, 0.219393, -0.757046][0.831635, -0.103855, -0.545525]Time: 1497380808
Intersection_circle : [2.3672, 1.03172, 60.1655]Normals (RGB)[-0.205204, -0.963128, -0.173997][-0.594573, 0.226483, -0.771484][0.799651, -0.114448, -0.589458]Time: 1497380814
Intersection_circle : [2.47221, 1.04795, 60.1324]Normals (RGB)[-0.157927, -0.971474, -0.176911][-0.608661, 0.210474, -0.765005][0.818274, -0.0997313, -0.56611]Time: 1497380820
Intersection_circle : [2.41347, 1.07404, 60.2289]Normals (RGB)[-0.199856, -0.9615, -0.188612][-0.621995, 0.1884, -0.760018][0.806506, -0.132516, -0.576183]Time: 1497380827
Intersection_circle : [2.30479, 1.18846, 60.1178]Normals (RGB)[-0.175505, -0.962885, -0.20506][-0.6407, 0.208184, -0.739029][0.796537, -0.139129, -0.588364]Time: 1497380833
Intersection_circle : [2.34351, 1.2487, 60.0329]Normals (RGB)[-0.214122, -0.950597, -0.224759][-0.623873, 0.262187, -0.736234][0.807136, -0.0899884, -0.583467]Time: 1497380839
Intersection_circle : [2.32191, 1.16581, 60.1189]Normals (RGB)[-0.176484, -0.962689, -0.205144][-0.619297, 0.234337, -0.749372][0.778314, -0.0867046, -0.62186]Time: 1497380846
Intersection_circle : [2.28876, 1.13209, 60.0731]Normals (RGB)[-0.16737, -0.967686, -0.188601][-0.622244, 0.251471, -0.741334][0.782971, -0.10691, -0.612802]Time: 1497380852
Intersection_circle : [2.27729, 1.24131, 60.1375]Normals (RGB)[-0.155271, -0.964295, -0.214536][-0.61494, 0.262075, -0.743751][0.789994, -0.132547, -0.598615]Time: 1497380859
Intersection_circle : [2.33764, 1.09623, 60.0931]Normals (RGB)[-0.196948, -0.96217, -0.188259][-0.622821, 0.227191, -0.748651][0.788443, -0.101452, -0.606684]Time: 1497380865
Intersection_circle : [2.37109, 1.11556, 60.067]Normals (RGB)[-0.206364, -0.958505, -0.196677][-0.611689, 0.2568, -0.748258][0.820383, -0.124013, -0.558205]Time: 1497380871
Intersection_circle : [2.38122, 1.06733, 60.1109]Normals (RGB)[-0.18156, -0.967382, -0.176658][-0.60704, 0.226044, -0.761844][0.793702, -0.09449, -0.600924]Time: 1497380878
Intersection_circle : [2.37019, 0.950183, 60.1367]Normals (RGB)[-0.208013, -0.966383, -0.151113][-0.617713, 0.208844, -0.758165][0.794427, -0.0971207, -0.599544]Time: 1497380884
Intersection_circle : [2.38058, 0.996942, 59.9653]Normals (RGB)[-0.170936, -0.973159, -0.154083][-0.631378, 0.223927, -0.742441][0.819726, -0.081271, -0.566961]Time: 1497380891
Intersection_circle : [2.40043, 1.228, 60.0737]Normals (RGB)[-0.178983, -0.955679, -0.233756][-0.61238, 0.244212, -0.751898][0.815042, -0.128904, -0.564882]Time: 1497380897
Intersection_circle : [2.24107, 1.11699, 60.0716]Normals (RGB)[-0.186736, -0.965157, -0.183308][-0.635083, 0.265546, -0.725365][0.780813, -0.134357, -0.610146]Time: 1497380903
Intersection_circle : [2.46729, 0.949634, 60.1347]Normals (RGB)[-0.199774, -0.966742, -0.159689][-0.589067, 0.221594, -0.777108][0.81618, -0.0931206, -0.570244]Time: 1497380910
Intersection_circle : [2.35488, 1.09798, 60.0419]Normals (RGB)[-0.175346, -0.968053, -0.179241][-0.632589, 0.232428, -0.738788][0.806, -0.0985298, -0.583658]Time: 1497380916
Intersection_circle : [2.30431, 1.0641, 59.9934]Normals (RGB)[-0.178811, -0.968371, -0.174023][-0.660543, 0.233403, -0.713587][0.804932, -0.0749268, -0.588617]Time: 1497380922
Intersection_circle : [2.42283, 1.17313, 60.0724]Normals (RGB)[-0.185145, -0.959348, -0.21301][-0.623087, 0.230393, -0.74745][0.806179, -0.0990172, -0.583328]Time: 1497380929
Intersection_circle : [2.33315, 1.29334, 60.1086]Normals (RGB)[-0.172691, -0.955637, -0.238612][-0.630698, 0.227398, -0.741964][0.790094, -0.131611, -0.59869]Time: 1497380935
Intersection_circle : [2.26979, 1.06531, 60.2516]Normals (RGB)[-0.208168, -0.960023, -0.187143][-0.58608, 0.242772, -0.773028][0.771573, -0.175493, -0.611456]Time: 1497380942
Intersection_circle : [2.27568, 1.13429, 60.043]Normals (RGB)[-0.172408, -0.966597, -0.189647][-0.633842, 0.246005, -0.733298][0.794199, -0.131971, -0.593154]Time: 1497380948
Intersection_circle : [2.41169, 1.18156, 60.1015]Normals (RGB)[-0.160265, -0.965007, -0.207549][-0.618482, 0.219977, -0.754381][0.807736, -0.100702, -0.580881]Time: 1497380954
Intersection_circle : [2.41645, 1.10266, 60.0154]Normals (RGB)[-0.182367, -0.96581, -0.184264][-0.635165, 0.219896, -0.740413][0.82781, -0.095199, -0.552872]Time: 1497380961
Intersection_circle : [2.3297, 1.16238, 60.0686]Normals (RGB)[-0.189342, -0.960748, -0.202761][-0.63254, 0.229264, -0.739818][0.792713, -0.11102, -0.599401]Time: 1497380967
Intersection_circle : [2.38014, 1.22613, 60.0986]Normals (RGB)[-0.21795, -0.949424, -0.226036][-0.633145, 0.224244, -0.740839][0.803548, -0.154471, -0.574847]Time: 1497380973
Intersection_circle : [2.41818, 1.12647, 60.1444]Normals (RGB)[-0.210811, -0.954472, -0.21105][-0.611882, 0.208819, -0.762886][0.800125, -0.11101, -0.589472]Time: 1497380980
Intersection_circle : [2.33367, 1.21302, 60.0596]Normals (RGB)[-0.16939, -0.962919, -0.209985][-0.63455, 0.254572, -0.729753][0.803874, -0.142011, -0.577598]Time: 1497380986
Intersection_circle : [2.37557, 1.10504, 60.1814]Normals (RGB)[-0.194994, -0.96176, -0.19234][-0.602544, 0.214675, -0.768671][0.798018, -0.116426, -0.59128]Time: 1497380993
Intersection_circle : [2.32362, 1.10154, 60.1032]Normals (RGB)[-0.175929, -0.967358, -0.182396][-0.635487, 0.217411, -0.74087][0.781241, -0.113095, -0.6139]Time: 1497380999
Intersection_circle : [2.422, 1.20056, 59.969]Normals (RGB)[-0.183802, -0.959008, -0.215684][-0.631304, 0.24422, -0.736078][0.827181, -0.0806224, -0.556121]Time: 1497381005
Intersection_circle : [2.37336, 1.12784, 60.0811]Normals (RGB)[-0.199541, -0.960049, -0.196188][-0.61169, 0.238366, -0.754332][0.799429, -0.0914061, -0.593766]Time: 1497381012
Intersection_circle : [2.45981, 1.22305, 60.0722]Normals (RGB)[-0.213875, -0.949826, -0.228226][-0.616438, 0.230485, -0.752914][0.821118, -0.130154, -0.55572]Time: 1497381018
Intersection_circle : [2.32974, 1.14994, 60.0665]Normals (RGB)[-0.171825, -0.965889, -0.19374][-0.613004, 0.257737, -0.746859][0.798165, -0.105657, -0.593101]Time: 1497381025
Intersection_circle : [2.3568, 1.15624, 60.0364]Normals (RGB)[-0.18167, -0.963497, -0.196646][-0.627563, 0.247351, -0.738229][0.800707, -0.0839601, -0.593144]Time: 1497381031
Intersection_circle : [2.46449, 1.17537, 60.1409]Normals (RGB)[-0.171728, -0.960927, -0.217093][-0.601619, 0.215018, -0.7693][0.804818, -0.0949514, -0.585877]Time: 1497381037
