Intersection_circle : [2.60388, 1.05409, 59.836]Normals (RGB)[-0.204934, -0.958521, -0.198089][-0.59392, 0.229537, -0.771085][0.831511, -0.0549985, -0.552779]Time: 1497381496
Intersection_circle : [-37.6656, 3.44932, 93.7362]Normals (RGB)[-0.212602, -0.958917, -0.187825][-0.613247, 0.23074, -0.755439][-0.0914295, -0.97473, -0.203818]Time: 1497381538
Intersection_circle : [2.38245, 1.15066, 59.9905]Normals (RGB)[-0.18306, -0.962607, -0.199693][-0.620124, 0.249195, -0.743874][0.816289, -0.119283, -0.565194]Time: 1497381548
Intersection_circle : [2.22429, 0.977171, 60.085]Normals (RGB)[-0.243699, -0.961602, -0.126223][-0.613408, 0.230803, -0.755289][0.785581, -0.142195, -0.602199]Time: 1497381559
Intersection_circle : [2.46234, 1.07694, 60.1546]Normals (RGB)[-0.19157, -0.963536, -0.186811][-0.598936, 0.210856, -0.772538][0.808002, -0.114359, -0.577975]Time: 1497381570
Intersection_circle : [2.40633, 1.10642, 60.0058]Normals (RGB)[-0.178982, -0.965912, -0.187028][-0.628914, 0.230192, -0.742616][0.820461, -0.110579, -0.560906]Time: 1497381580
Intersection_circle : [2.40916, 1.00132, 60.0388]Normals (RGB)[-0.217673, -0.962913, -0.159428][-0.630152, 0.21394, -0.746417][0.809224, -0.112728, -0.576584]Time: 1497381591
Intersection_circle : [2.35213, 1.04804, 60.0646]Normals (RGB)[-0.17008, -0.974307, -0.147647][-0.617747, 0.235992, -0.750131][0.801114, -0.0951987, -0.590893]Time: 1497381601
Intersection_circle : [2.31746, 1.04828, 60.1498]Normals (RGB)[-0.199519, -0.964681, -0.171997][-0.618957, 0.230278, -0.750909][0.777493, -0.127549, -0.615821]Time: 1497381612
Intersection_circle : [2.34613, 1.04727, 59.9351]Normals (RGB)[-0.227888, -0.961608, -0.152895][-0.641204, 0.246127, -0.726828][0.818508, -0.128859, -0.559857]Time: 1497381623
Intersection_circle : [2.29763, 1.10889, 60.0362]Normals (RGB)[-0.196251, -0.964979, -0.174071][-0.617054, 0.255151, -0.744407][0.791409, -0.121815, -0.599026]Time: 1497381633
Intersection_circle : [2.31323, 1.11854, 60.114]Normals (RGB)[-0.177589, -0.966238, -0.186674][-0.643694, 0.221892, -0.732408][0.789673, -0.145543, -0.596014]Time: 1497381644
Intersection_circle : [2.47638, 1.12205, 60.0563]Normals (RGB)[-0.18133, -0.964194, -0.193518][-0.624662, 0.203379, -0.753946][0.820552, -0.0961009, -0.563435]Time: 1497381654
Intersection_circle : [2.37072, 1.13635, 60.1428]Normals (RGB)[-0.184249, -0.962404, -0.199579][-0.61562, 0.213781, -0.758492][0.792775, -0.1099, -0.599524]Time: 1497381665
Intersection_circle : [2.53175, 1.09899, 60.0502]Normals (RGB)[-0.221786, -0.952939, -0.206683][-0.608245, 0.217452, -0.763382][0.825922, -0.0972614, -0.555332]Time: 1497381676
Intersection_circle : [2.42131, 1.14389, 60.115]Normals (RGB)[-0.193646, -0.958618, -0.208693][-0.611083, 0.221823, -0.75985][0.797931, -0.116813, -0.591322]Time: 1497381686
Intersection_circle : [2.40407, 1.10079, 60.1669]Normals (RGB)[-0.198076, -0.960747, -0.194243][-0.584357, 0.227025, -0.779093][0.790712, -0.126429, -0.598991]Time: 1497381697
Intersection_circle : [2.39684, 1.09963, 60.0474]Normals (RGB)[-0.200419, -0.961384, -0.188612][-0.629372, 0.226556, -0.743346][0.808315, -0.110032, -0.578377]Time: 1497381707
Intersection_circle : [2.37574, 1.11994, 60.1041]Normals (RGB)[-0.238032, -0.953595, -0.184382][-0.613409, 0.227914, -0.756164][0.799131, -0.113511, -0.590344]Time: 1497381718
Intersection_circle : [2.41083, 1.12685, 60.0279]Normals (RGB)[-0.224804, -0.958565, -0.174978][-0.623012, 0.237553, -0.745268][0.808616, -0.0799296, -0.582881]Time: 1497381729
Intersection_circle : [2.43995, 1.26291, 60.0485]Normals (RGB)[-0.213197, -0.946934, -0.240548][-0.599984, 0.259624, -0.756713][0.80973, -0.116088, -0.575205]Time: 1497381739
Intersection_circle : [2.35183, 1.18616, 60.1025]Normals (RGB)[-0.179403, -0.961947, -0.206087][-0.611895, 0.23972, -0.753736][0.79157, -0.107018, -0.601635]Time: 1497381750
Intersection_circle : [2.38827, 1.20329, 60.0189]Normals (RGB)[-0.176473, -0.962719, -0.205009][-0.624795, 0.229904, -0.746174][0.797465, -0.077068, -0.598423]Time: 1497381760
Intersection_circle : [2.45671, 0.984766, 60.0351]Normals (RGB)[-0.154161, -0.978309, -0.138367][-0.627381, 0.20975, -0.749932][0.818756, -0.104506, -0.564551]Time: 1497381771
Intersection_circle : [2.43045, 1.23061, 60.0897]Normals (RGB)[-0.174097, -0.955422, -0.238451][-0.59733, 0.252333, -0.761265][0.806671, -0.115594, -0.579587]Time: 1497381782
Intersection_circle : [2.31856, 1.09091, 60.1158]Normals (RGB)[-0.188069, -0.965748, -0.178778][-0.624608, 0.226988, -0.747222][0.783038, -0.105114, -0.613027]Time: 1497381792
Intersection_circle : [2.26942, 1.01707, 60.0505]Normals (RGB)[-0.177968, -0.97334, -0.144694][-0.613643, 0.250432, -0.748817][0.777956, -0.11694, -0.617341]Time: 1497381803
Intersection_circle : [2.45292, 1.01709, 59.9324]Normals (RGB)[-0.216853, -0.962611, -0.162342][-0.620372, 0.232284, -0.749121][0.825767, -0.091144, -0.556599]Time: 1497381813
Intersection_circle : [2.41721, 1.19489, 60.1271]Normals (RGB)[-0.184776, -0.96025, -0.209232][-0.609293, 0.220015, -0.761811][0.810606, -0.129255, -0.57115]Time: 1497381824
Intersection_circle : [2.45837, 1.24364, 60.0067]Normals (RGB)[-0.161789, -0.961719, -0.221179][-0.624202, 0.233085, -0.745683][0.816595, -0.0898435, -0.570177]Time: 1497381835
Intersection_circle : [2.42869, 0.929022, 60.0841]Normals (RGB)[-0.167449, -0.978518, -0.120266][-0.616109, 0.209661, -0.759244][0.810186, -0.0887518, -0.579415]Time: 1497381845
Intersection_circle : [2.36688, 1.1308, 60.0477]Normals (RGB)[-0.218651, -0.955289, -0.199035][-0.654279, 0.212481, -0.72579][0.807881, -0.138932, -0.572736]Time: 1497381856
Intersection_circle : [2.34348, 0.965502, 60.0942]Normals (RGB)[-0.215081, -0.967502, -0.132965][-0.623312, 0.223157, -0.749455][0.7967, -0.109437, -0.594384]Time: 1497381866
Intersection_circle : [2.32703, 1.11451, 60.067]Normals (RGB)[-0.17128, -0.967412, -0.186485][-0.643617, 0.227284, -0.730821][0.784883, -0.0889745, -0.613223]Time: 1497381877
Intersection_circle : [2.39438, 1.13184, 60.0714]Normals (RGB)[-0.227899, -0.953177, -0.198787][-0.631183, 0.228305, -0.741273][0.798309, -0.0978063, -0.594253]Time: 1497381888
Intersection_circle : [2.44148, 1.12106, 60.1421]Normals (RGB)[-0.203095, -0.95713, -0.206532][-0.603285, 0.229406, -0.76382][0.802617, -0.0828164, -0.590718]Time: 1497381898
Intersection_circle : [2.36709, 1.122, 60.1614]Normals (RGB)[-0.185999, -0.962421, -0.197865][-0.593765, 0.243482, -0.766916][0.787743, -0.0940415, -0.608783]Time: 1497381909
Intersection_circle : [2.34738, 1.19473, 60.0615]Normals (RGB)[-0.208235, -0.955513, -0.208887][-0.644666, 0.223039, -0.731204][0.795017, -0.121417, -0.594311]Time: 1497381919
Intersection_circle : [2.42106, 1.09862, 60.0627]Normals (RGB)[-0.192327, -0.962091, -0.193367][-0.636693, 0.208269, -0.742459][0.799396, -0.0778009, -0.595746]Time: 1497381930
Intersection_circle : [2.50857, 0.987153, 60.0707]Normals (RGB)[-0.225263, -0.96095, -0.160723][-0.585831, 0.234256, -0.775839][0.830548, -0.0726584, -0.552188]Time: 1497381941
Intersection_circle : [2.34439, 1.18791, 60.1095]Normals (RGB)[-0.181988, -0.959727, -0.214019][-0.610036, 0.232655, -0.757448][0.776096, -0.102842, -0.622173]Time: 1497381951
Intersection_circle : [2.43887, 1.10798, 59.9673]Normals (RGB)[-0.182824, -0.965512, -0.185373][-0.608742, 0.252469, -0.752125][0.812439, -0.112161, -0.572156]Time: 1497381962
Intersection_circle : [2.40718, 1.0259, 59.9774]Normals (RGB)[-0.163866, -0.97407, -0.155997][-0.596758, 0.260368, -0.759005][0.820335, -0.109386, -0.561324]Time: 1497381972
Intersection_circle : [2.52149, 1.19708, 60.1641]Normals (RGB)[-0.201783, -0.951862, -0.230745][-0.604138, 0.194343, -0.772818][0.807947, -0.0960896, -0.581368]Time: 1497381983
Intersection_circle : [2.48229, 1.03878, 60.0651]Normals (RGB)[-0.192941, -0.965362, -0.17564][-0.614237, 0.208948, -0.760956][0.811276, -0.0980854, -0.576377]Time: 1497381994
Intersection_circle : [2.39783, 1.21385, 60.1119]Normals (RGB)[-0.168401, -0.960367, -0.222119][-0.603815, 0.232481, -0.76247][0.7929, -0.136202, -0.593936]Time: 1497382004
Intersection_circle : [2.33832, 0.953476, 60.0565]Normals (RGB)[-0.165386, -0.978896, -0.120042][-0.605979, 0.242437, -0.757637][0.800813, -0.132249, -0.584131]Time: 1497382015
Intersection_circle : [2.37701, 0.99703, 60.0784]Normals (RGB)[-0.21196, -0.964116, -0.159854][-0.626293, 0.223069, -0.746992][0.791404, -0.094459, -0.603952]Time: 1497382025
Intersection_circle : [2.42533, 1.20553, 60.0472]Normals (RGB)[-0.1882, -0.958954, -0.212105][-0.625802, 0.235602, -0.743548][0.809107, -0.132021, -0.572639]Time: 1497382036
Intersection_circle : [2.48566, 1.28328, 59.981]Normals (RGB)[-0.222895, -0.94605, -0.235173][-0.623365, 0.247925, -0.741586][0.823475, -0.0627563, -0.563872]Time: 1497382047
Intersection_circle : [2.52656, 1.15618, 59.8977]Normals (RGB)[-0.211122, -0.954523, -0.210508][-0.623058, 0.237182, -0.745348][0.844806, -0.0742907, -0.529891]Time: 1497382057
Intersection_circle : [2.43101, 1.1292, 60.0656]Normals (RGB)[-0.181622, -0.963364, -0.197342][-0.596656, 0.24145, -0.765313][0.809029, -0.0903018, -0.580791]Time: 1497382068
Intersection_circle : [2.33453, 1.17989, 60.1016]Normals (RGB)[-0.179755, -0.961889, -0.206051][-0.624949, 0.242274, -0.74212][0.791451, -0.121598, -0.599015]Time: 1497382078
Intersection_circle : [2.37652, 1.16269, 60.0165]Normals (RGB)[-0.181848, -0.96476, -0.190182][-0.61779, 0.253356, -0.74441][0.806421, -0.0925062, -0.584061]Time: 1497382089
Intersection_circle : [2.41413, 1.10445, 60.0816]Normals (RGB)[-0.194495, -0.961251, -0.195369][-0.611594, 0.226917, -0.757932][0.809176, -0.0954501, -0.579761]Time: 1497382100
Intersection_circle : [2.43958, 1.14843, 60.1089]Normals (RGB)[-0.17476, -0.962679, -0.20666][-0.635139, 0.197209, -0.746798][0.807933, -0.138207, -0.572838]Time: 1497382110
Intersection_circle : [2.30972, 1.07748, 60.1355]Normals (RGB)[-0.186529, -0.965908, -0.179525][-0.621561, 0.224162, -0.750609][0.787062, -0.156511, -0.596689]Time: 1497382121
Intersection_circle : [2.4, 1.14034, 60.0065]Normals (RGB)[-0.195333, -0.959547, -0.202767][-0.621886, 0.249449, -0.742316][0.808906, -0.0937723, -0.580412]Time: 1497382131
Intersection_circle : [2.39574, 1.0895, 60.1047]Normals (RGB)[-0.1737, -0.967789, -0.182245][-0.599856, 0.239214, -0.763511][0.797855, -0.141289, -0.586058]Time: 1497382142
Intersection_circle : [2.29455, 1.07516, 60.1951]Normals (RGB)[-0.185431, -0.965801, -0.181227][-0.644349, 0.203885, -0.737051][0.772857, -0.15736, -0.61476]Time: 1497382153
Intersection_circle : [2.42301, 1.17192, 60.0505]Normals (RGB)[-0.183958, -0.961165, -0.205719][-0.625079, 0.234848, -0.744394][0.805262, -0.0452396, -0.591191]Time: 1497382163
Intersection_circle : [2.40154, 0.98756, 60.1259]Normals (RGB)[-0.181416, -0.974233, -0.134011][-0.60447, 0.204993, -0.769801][0.82028, -0.127849, -0.557491]Time: 1497382174
Intersection_circle : [2.3568, 1.07377, 60.1835]Normals (RGB)[-0.17149, -0.967212, -0.18733][-0.624147, 0.197685, -0.755884][0.784622, -0.107304, -0.610618]Time: 1497382185
Intersection_circle : [2.28615, 0.974513, 60.0751]Normals (RGB)[-0.171625, -0.977333, -0.123957][-0.616838, 0.249999, -0.746332][0.798385, -0.119667, -0.590136]Time: 1497382195
Intersection_circle : [2.22722, 1.03117, 60.136]Normals (RGB)[-0.185168, -0.97055, -0.154094][-0.628168, 0.23694, -0.741124][0.78482, -0.120673, -0.607862]Time: 1497382206
Intersection_circle : [2.37457, 1.17936, 60.1161]Normals (RGB)[-0.191609, -0.956225, -0.221177][-0.617329, 0.220166, -0.755269][0.797837, -0.0916678, -0.595863]Time: 1497382216
Intersection_circle : [2.39629, 1.1663, 60.1053]Normals (RGB)[-0.176008, -0.960795, -0.21423][-0.642805, 0.196761, -0.74033][0.795608, -0.100551, -0.597409]Time: 1497382227
Intersection_circle : [2.35928, 1.23768, 60.1512]Normals (RGB)[-0.201152, -0.95487, -0.218542][-0.613965, 0.236227, -0.753156][0.793837, -0.124877, -0.595172]Time: 1497382238
Intersection_circle : [2.39966, 1.01712, 60.0739]Normals (RGB)[-0.179575, -0.971084, -0.157315][-0.644772, 0.209538, -0.735094][0.820405, -0.118656, -0.559336]Time: 1497382248
Intersection_circle : [2.44372, 1.08322, 59.9945]Normals (RGB)[-0.171887, -0.968824, -0.178424][-0.62302, 0.228057, -0.748222][0.837291, -0.127891, -0.53159]Time: 1497382259
Intersection_circle : [2.35473, 1.05914, 60.0769]Normals (RGB)[-0.194759, -0.966159, -0.169134][-0.616835, 0.217622, -0.756409][0.812608, -0.111526, -0.57204]Time: 1497382269
Intersection_circle : [2.27388, 1.02685, 60.226]Normals (RGB)[-0.206106, -0.967641, -0.145574][-0.637407, 0.189965, -0.746743][0.766306, -0.149019, -0.624955]Time: 1497382280
Intersection_circle : [2.34298, 1.15892, 60.0061]Normals (RGB)[-0.169256, -0.965391, -0.198427][-0.644311, 0.24642, -0.723976][0.804998, -0.108835, -0.583209]Time: 1497382291
Intersection_circle : [2.43052, 1.08594, 60.0304]Normals (RGB)[-0.170826, -0.967618, -0.185832][-0.642202, 0.198457, -0.7404][0.819465, -0.0748815, -0.568217]Time: 1497382301
Intersection_circle : [2.4011, 0.939841, 60.1246]Normals (RGB)[-0.2053, -0.970942, -0.122973][-0.588003, 0.23618, -0.773609][0.802116, -0.101617, -0.588459]Time: 1497382312
Intersection_circle : [2.36582, 1.01449, 60.08]Normals (RGB)[-0.188044, -0.966921, -0.172344][-0.607392, 0.234832, -0.7589][0.817587, -0.108852, -0.565422]Time: 1497382322
Intersection_circle : [2.28817, 1.01289, 60.0942]Normals (RGB)[-0.210698, -0.965491, -0.153077][-0.631141, 0.242652, -0.736737][0.785258, -0.13616, -0.604011]Time: 1497382333
Intersection_circle : [2.30797, 1.07144, 60.057]Normals (RGB)[-0.200775, -0.965223, -0.16743][-0.6201, 0.240752, -0.746668][0.789616, -0.0917429, -0.606705]Time: 1497382344
Intersection_circle : [2.32852, 1.0877, 60.0659]Normals (RGB)[-0.178322, -0.967783, -0.177757][-0.62779, 0.224645, -0.745262][0.795787, -0.136896, -0.589901]Time: 1497382354
Intersection_circle : [2.49561, 1.11699, 60.0666]Normals (RGB)[-0.213321, -0.958094, -0.191178][-0.625253, 0.201676, -0.753913][0.823827, -0.106757, -0.556698]Time: 1497382365
Intersection_circle : [2.42458, 1.06599, 60.2094]Normals (RGB)[-0.172089, -0.968313, -0.180984][-0.592945, 0.208057, -0.777901][0.79593, -0.138603, -0.589309]Time: 1497382375
Intersection_circle : [2.44404, 1.10049, 60.0161]Normals (RGB)[-0.178673, -0.967563, -0.178599][-0.625564, 0.22435, -0.747219][0.824342, -0.088749, -0.559092]Time: 1497382386
Intersection_circle : [2.46397, 1.21163, 60.1727]Normals (RGB)[-0.176793, -0.957981, -0.225868][-0.616725, 0.20469, -0.7601][0.799651, -0.0739725, -0.595892]Time: 1497382397
Intersection_circle : [2.45864, 1.11037, 60.063]Normals (RGB)[-0.182459, -0.964654, -0.190137][-0.61746, 0.215565, -0.756489][0.819511, -0.114739, -0.561459]Time: 1497382407
Intersection_circle : [2.29717, 1.08248, 60.2398]Normals (RGB)[-0.208006, -0.960698, -0.18383][-0.62972, 0.215664, -0.746285][0.779511, -0.147721, -0.608721]Time: 1497382418
Intersection_circle : [2.47359, 1.06866, 60.0993]Normals (RGB)[-0.180016, -0.967134, -0.179572][-0.629342, 0.193895, -0.752551][0.826915, -0.103172, -0.552781]Time: 1497382428
Intersection_circle : [2.35974, 1.23866, 60.0912]Normals (RGB)[-0.207503, -0.949345, -0.235978][-0.632409, 0.236428, -0.737672][0.791413, -0.0784939, -0.606221]Time: 1497382439
Intersection_circle : [2.30131, 1.1003, 60.022]Normals (RGB)[-0.195964, -0.962727, -0.186424][-0.662066, 0.232289, -0.712538][0.795242, -0.105978, -0.596958]Time: 1497382450
Intersection_circle : [2.40873, 1.02275, 60.0614]Normals (RGB)[-0.202337, -0.965104, -0.166234][-0.644162, 0.206924, -0.736368][0.815612, -0.13488, -0.562659]Time: 1497382460
Intersection_circle : [2.38882, 1.02821, 59.9838]Normals (RGB)[-0.19811, -0.965679, -0.167977][-0.62602, 0.246572, -0.739798][0.822119, -0.101251, -0.56024]Time: 1497382471
Intersection_circle : [2.36646, 1.25965, 60.1569]Normals (RGB)[-0.192258, -0.949509, -0.24793][-0.63189, 0.208817, -0.746398][0.790179, -0.112438, -0.602474]Time: 1497382481
Intersection_circle : [2.27174, 1.07903, 60.1567]Normals (RGB)[-0.177357, -0.969161, -0.171091][-0.611323, 0.236907, -0.755089][0.783345, -0.173734, -0.596815]Time: 1497382492
Intersection_circle : [2.41112, 1.1484, 60.0424]Normals (RGB)[-0.211416, -0.955862, -0.204038][-0.637715, 0.217408, -0.738955][0.829111, -0.127782, -0.544285]Time: 1497382503
Intersection_circle : [2.39931, 0.948531, 59.8476]Normals (RGB)[-0.177662, -0.978808, -0.101839][-0.634594, 0.266663, -0.725383][0.838683, -0.107018, -0.534001]Time: 1497382513
Intersection_circle : [2.37382, 0.967853, 60.0455]Normals (RGB)[-0.181032, -0.975084, -0.128214][-0.626237, 0.215988, -0.749117][0.810822, -0.124277, -0.571946]Time: 1497382524
Intersection_circle : [2.32535, 1.13866, 60.0989]Normals (RGB)[-0.182137, -0.963774, -0.194848][-0.646784, 0.21395, -0.732049][0.794247, -0.140882, -0.591036]Time: 1497382534
Intersection_circle : [2.4953, 1.15024, 60.0253]Normals (RGB)[-0.196387, -0.959652, -0.201249][-0.610367, 0.22857, -0.758425][0.819186, -0.0986243, -0.564985]Time: 1497382545
Intersection_circle : [2.27459, 0.94679, 60.0173]Normals (RGB)[-0.225867, -0.96639, -0.122776][-0.621886, 0.248253, -0.742717][0.797024, -0.114953, -0.592906]Time: 1497382556
Intersection_circle : [2.22349, 1.01745, 60.0937]Normals (RGB)[-0.204787, -0.969077, -0.137663][-0.632659, 0.234483, -0.738078][0.775527, -0.136394, -0.616405]Time: 1497382566
Intersection_circle : [2.45582, 1.07679, 60.0322]Normals (RGB)[-0.182957, -0.966662, -0.179141][-0.628414, 0.22161, -0.745644][0.824141, -0.096708, -0.558068]Time: 1497382577
Intersection_circle : [2.33846, 1.1684, 60.1577]Normals (RGB)[-0.164505, -0.96521, -0.203244][-0.622844, 0.223236, -0.749821][0.782384, -0.12597, -0.609924]Time: 1497382587
Intersection_circle : [2.32286, 1.10119, 60.0564]Normals (RGB)[-0.157355, -0.974362, -0.160803][-0.653479, 0.232078, -0.72049][0.798029, -0.109111, -0.592659]Time: 1497382598
Intersection_circle : [2.3736, 1.21672, 60.1284]Normals (RGB)[-0.164082, -0.961935, -0.218538][-0.638756, 0.211326, -0.739819][0.796274, -0.0949034, -0.597445]Time: 1497382609
Intersection_circle : [2.39938, 1.03339, 60.0571]Normals (RGB)[-0.215792, -0.960434, -0.176067][-0.602418, 0.236099, -0.762463][0.813691, -0.101926, -0.572292]Time: 1497382619
Intersection_circle : [2.49604, 1.12168, 60.123]Normals (RGB)[-0.17349, -0.963999, -0.201511][-0.623871, 0.196721, -0.756363][0.804638, -0.098415, -0.585553]Time: 1497382630
Intersection_circle : [2.4529, 0.988162, 60.0397]Normals (RGB)[-0.194227, -0.967447, -0.16224][-0.59877, 0.233908, -0.766004][0.824111, -0.133166, -0.550552]Time: 1497382641
